0 0.14802631578947367 0.5970394736842105 0.09375 0.2532894736842105
0 0.25370065789473684 0.5729166666666666 0.061677631578947366 0.23135964912280702
0 0.3236019736842105 0.5751096491228069 0.056743421052631575 0.23355263157894735
0 0.35526315789473684 0.6458333333333333 0.06085526315789473 0.3048245614035088
0 0.4897203947368421 0.6107456140350876 0.051809210526315784 0.30043859649122806
0 0.5271381578947368 0.5981359649122807 0.049342105263157895 0.26864035087719296
0 0.600328947368421 0.5964912280701754 0.06085526315789473 0.26096491228070173
0 0.6800986842105263 0.5816885964912281 0.05098684210526316 0.2576754385964912
0 0.8470394736842105 0.6310307017543859 0.11019736842105263 0.40679824561403505
0 0.3861019736842105 0.5855263157894737 0.04194078947368421 0.23903508771929824
0 0.1800986842105263 0.575657894736842 0.06085526315789473 0.24342105263157893