0 0.4383223684210526 0.14270032930845225 0.03289473684210526 0.08342480790340286
0 0.6726973684210525 0.3743139407244786 0.01644736842105263 0.07464324917672888
0 0.7138157894736842 0.37980241492864986 0.01644736842105263 0.07464324917672888
0 0.8009868421052632 0.38199780461031835 0.01644736842105263 0.07683863885839737
0 0.8038651315789473 0.34632272228320526 0.015625 0.027442371020856202
0 0.7586348684210525 0.31009879253567507 0.015625 0.014270032930845226
0 0.5542763157894737 0.29363336992316136 0.011513157894736841 0.04720087815587267
0 0.849095394736842 0.38364434687156973 0.015625 0.0845225027442371
0 0.8651315789473684 0.3743139407244786 0.01644736842105263 0.08122941822173436
0 0.6336348684210525 0.15203073545554335 0.010690789473684209 0.04061470911086718
0 0.8544407894736842 0.16410537870472008 0.013157894736842105 0.02305159165751921
0 0.17351973684210525 0.2843029637760703 0.013157894736842105 0.030735455543358946
0 0.21299342105263155 0.30954994511525796 0.014802631578947368 0.024149286498353458
0 0.24136513157894735 0.305159165751921 0.013980263157894735 0.043907793633369926