0 0.39189189189189194 0.6304824561403508 0.06633906633906635 0.1557017543859649
0 0.918918918918919 0.4265350877192982 0.03767403767403767 0.06798245614035087
0 0.5765765765765766 0.49725877192982454 0.047502047502047506 0.11074561403508772
0 0.5077805077805078 0.4775219298245614 0.029484029484029485 0.08442982456140351
0 0.4762489762489763 0.4934210526315789 0.0171990171990172 0.08771929824561403
0 0.687960687960688 0.4895833333333333 0.03276003276003276 0.10855263157894736
0 0.7227682227682228 0.46600877192982454 0.036855036855036855 0.06359649122807018
0 0.4950859950859951 0.4533991228070175 0.012285012285012286 0.07346491228070175
0 0.5528255528255529 0.4917763157894737 0.02620802620802621 0.09978070175438596
0 0.6760851760851762 0.4616228070175438 0.03357903357903358 0.06798245614035087
0 0.7293202293202293 0.42105263157894735 0.013923013923013924 0.07675438596491227
0 0.7416052416052417 0.4199561403508772 0.010647010647010648 0.07456140350877193
0 0.7186732186732188 0.4161184210526316 0.013923013923013924 0.05592105263157894
0 0.7203112203112203 0.3870614035087719 0.020475020475020478 0.03728070175438596
0 0.12080262080262082 0.32291666666666663 0.012285012285012286 0.049342105263157895