0 0.686266447368421 0.5164473684210527 0.010690789473684209 0.03728070175438596
0 0.7804276315789473 0.5208333333333333 0.011513157894736841 0.03508771929824561
0 0.8721217105263157 0.5180921052631579 0.005756578947368421 0.03399122807017543
0 0.9407894736842105 0.5202850877192983 0.009868421052631578 0.027412280701754384
0 0.19901315789473684 0.5663377192982456 0.021381578947368418 0.0756578947368421
0 0.30139802631578944 0.6041666666666666 0.028782894736842105 0.07236842105263158
0 0.6973684210526315 0.5263157894736842 0.008223684210526315 0.010964912280701754
0 0.8671875 0.5104166666666666 0.005756578947368421 0.01864035087719298
0 0.8166118421052632 0.525219298245614 0.011513157894736841 0.039473684210526314
0 0.810032894736842 0.5246710526315789 0.008223684210526315 0.04057017543859649
0 0.8009868421052632 0.5180921052631579 0.013157894736842105 0.03618421052631579
0 0.7368421052631579 0.5164473684210527 0.009868421052631578 0.010964912280701754
0 0.7557565789473684 0.49780701754385964 0.004934210526315789 0.006578947368421052
0 0.7763157894736842 0.5 0.004934210526315789 0.021929824561403508