0 0.3655427631578947 0.5554335894621295 0.1488486842105263 0.4017563117453348
0 0.1768092105263158 0.4994511525795829 0.3536184210526316 0.9989023051591658
0 0.15419407894736842 0.3940724478594951 0.17023026315789472 0.7881448957189902
0 0.5407072368421052 0.685510428100988 0.4169407894736842 0.6267837541163557
0 0.6883223684210525 0.6750823271130626 0.18421052631578946 0.21953896816684962
0 0.950657894736842 0.8474204171240396 0.09868421052631579 0.305159165751921
0 0.514391447368421 0.11141602634467618 0.010690789473684209 0.05159165751920966
0 0.7816611842105263 0.09879253567508232 0.007401315789473684 0.026344676180021953
0 0.7935855263157894 0.1004390779363337 0.008223684210526315 0.0296377607025247
0 0.802220394736842 0.10153677277716795 0.005756578947368421 0.031833150384193196
0 0.865953947368421 0.10208562019758508 0.008223684210526315 0.03293084522502744