0 0.1615953947368421 0.44127332601536773 0.033717105263157895 0.11196487376509331
0 0.3778782894736842 0.34961580680570803 0.046875 0.10208562019758508
0 0.5620888157894737 0.35236004390779363 0.030427631578947366 0.09220636663007684
0 0.37952302631578944 0.5532381997804611 0.051809210526315784 0.07244785949506037
0 0.5328947368421052 0.5762897914379803 0.049342105263157895 0.07244785949506037
0 0.7339638157894737 0.5784851811196488 0.04029605263157895 0.0570801317233809
0 0.8104440789473684 0.45060373216245886 0.033717105263157895 0.10867178924259056
0 0.9642269736842105 0.362788144895719 0.046875 0.12623490669593854
0 0.7549342105263157 0.19538968166849616 0.02796052631578947 0.10098792535675083
0 0.6813322368421052 0.18441273326015367 0.02549342105263158 0.11196487376509331
0 0.6488486842105263 0.18605927552140505 0.024671052631578948 0.10428100987925357
0 0.8963815789473684 0.29088913282107576 0.03125 0.11196487376509331
0 0.8848684210526315 0.2661909989023052 0.029605263157894735 0.11306256860592756
0 0.8712993421052632 0.2464324917672887 0.03865131578947368 0.11745334796926454
0 0.24300986842105263 0.5598243688254665 0.04194078947368421 0.10318331503841932
0 0.6389802631578947 0.17453347969264546 0.021381578947368418 0.10318331503841932
0 0.7549342105263157 0.0592755214050494 0.014802631578947368 0.04171240395170143