0 0.11220311220311222 0.6365131578947368 0.12776412776412777 0.5975877192982456
0 0.2788697788697789 0.6244517543859649 0.11056511056511058 0.5405701754385964
0 0.4516789516789517 0.669407894736842 0.1498771498771499 0.5712719298245613
0 0.7452907452907453 0.6951754385964912 0.14905814905814907 0.6096491228070176
0 0.583947583947584 0.5235745614035088 0.062244062244062245 0.27960526315789475
0 0.5225225225225225 0.5466008771929824 0.06552006552006552 0.3015350877192982
0 0.871007371007371 0.6233552631578947 0.08927108927108927 0.42872807017543857
0 0.6363636363636364 0.556469298245614 0.07371007371007371 0.33442982456140347
0 0.37674037674037675 0.5449561403508771 0.08517608517608519 0.41666666666666663
0 0.2530712530712531 0.5328947368421052 0.04586404586404587 0.37280701754385964
0 0.4856674856674857 0.4775219298245614 0.05077805077805078 0.1611842105263158
0 0.6814086814086815 0.45942982456140347 0.049140049140049144 0.1513157894736842
0 0.34234234234234234 0.4983552631578947 0.03276003276003276 0.2839912280701754
0 0.8460278460278461 0.49725877192982454 0.040950040950040956 0.24232456140350875
0 0.7932022932022933 0.4928728070175438 0.05323505323505324 0.18311403508771928
0 0.920966420966421 0.5 0.07452907452907453 0.2741228070175438