0 0.16036184210526314 0.29198682766191 0.03125 0.10757409440175632
0 0.046875 0.2645444566410538 0.03125 0.0592755214050494
0 0.256578947368421 0.3600439077936334 0.044407894736842105 0.12952799121844127
0 0.32277960526315785 0.4149286498353458 0.061677631578947366 0.16245883644346873
0 0.29728618421052627 0.2854006586169045 0.02549342105263158 0.10537870472008781
0 0.42639802631578944 0.2530186608122942 0.022203947368421052 0.036223929747530186
0 0.5180921052631579 0.29747530186608123 0.03618421052631579 0.13391877058177826
0 0.5719572368421052 0.27222832052689355 0.02549342105263158 0.07244785949506037
0 0.600328947368421 0.287596048298573 0.02631578947368421 0.1163556531284303
0 0.6907894736842105 0.27332601536772777 0.029605263157894735 0.08122941822173436
0 0.7294407894736842 0.22557628979143798 0.019736842105263157 0.05817782656421515
0 0.7767269736842105 0.22502744237102087 0.018914473684210526 0.0570801317233809
0 0.7972861842105262 0.22502744237102087 0.022203947368421052 0.06147091108671789
0 0.006990131578947368 0.29198682766191 0.013980263157894735 0.06147091108671789
0 0.31661184210526316 0.24094401756311745 0.01644736842105263 0.06695938529088913
0 0.7680921052631579 0.2502744237102086 0.019736842105263157 0.043907793633369926