0 0.4070723684210526 0.5938529088913282 0.05921052631578947 0.15148188803512624
0 0.2425986842105263 0.601536772777168 0.06085526315789473 0.17343578485181121
0 0.26726973684210525 0.5120746432491767 0.044407894736842105 0.141602634467618
0 0.21957236842105263 0.4440175631174534 0.05756578947368421 0.141602634467618
0 0.16981907894736842 0.3605927552140505 0.03207236842105263 0.10647639956092207
0 0.4720394736842105 0.4045005488474204 0.02796052631578947 0.11306256860592756
0 0.6439144736842105 0.41712403951701427 0.03618421052631579 0.11196487376509331
0 0.5518092105263157 0.3035126234906696 0.021381578947368418 0.06915477497255763
0 0.5254934210526315 0.305159165751921 0.021381578947368418 0.09220636663007684
0 0.48807565789473684 0.18441273326015367 0.013980263157894735 0.054884742041712405
0 0.5176809210526315 0.18441273326015367 0.013980263157894735 0.054884742041712405
0 0.09498355263157894 0.14654226125137212 0.013980263157894735 0.05598243688254666
0 0.1846217105263158 0.1141602634467618 0.010690789473684209 0.03293084522502744
0 0.09457236842105263 0.07848518111964874 0.009868421052631578 0.034028540065861694
0 0.0884046052631579 0.08013172338090012 0.009046052631578948 0.02854006586169045