0 0.9251644736842105 0.44840834248079037 0.049342105263157895 0.15697036223929747
0 0.2919407894736842 0.2305159165751921 0.03453947368421052 0.09001097694840834
0 0.2598684210526316 0.7760702524698134 0.08223684210526315 0.24588364434687157
0 0.655016447368421 0.5279912184412734 0.06332236842105263 0.1800219538968167
0 0.5641447368421052 0.41712403951701427 0.05921052631578947 0.14489571899012074
0 0.6060855263157895 0.4237102085620198 0.029605263157894735 0.14928649835345775
0 0.24136513157894735 0.946761800219539 0.09457236842105263 0.10647639956092207
0 0.5016447368421052 0.18386388583973656 0.021381578947368418 0.04500548847420417
0 0.708470394736842 0.12678375411635565 0.023848684210526314 0.038419319429198684
0 0.42886513157894735 0.10757409440175632 0.01726973684210526 0.02854006586169045
0 0.8486842105263157 0.19923161361141603 0.024671052631578948 0.06695938529088913