0 0.5148188803512623 0.888157894736842 0.1141602634467618 0.11348684210526315
0 0.5675082327113062 0.23930921052631576 0.06366630076838639 0.07894736842105263
0 0.5998902305159166 0.17310855263157893 0.04061470911086718 0.08799342105263157
0 0.5828759604829857 0.07935855263157894 0.03512623490669594 0.06661184210526315
0 0.3693743139407245 0.04070723684210526 0.0296377607025247 0.04851973684210526
0 0.39956092206366634 0.07689144736842105 0.030735455543358946 0.056743421052631575
0 0.4055982436882547 0.051809210526315784 0.02305159165751921 0.021381578947368418
0 0.12239297475301866 0.01274671052631579 0.01866081229418222 0.02549342105263158
0 0.018111964873765093 0.10320723684210525 0.031833150384193196 0.05016447368421052
0 0.01481888035126235 0.15213815789473684 0.0296377607025247 0.05098684210526316
0 0.019758507135016465 0.13651315789473684 0.03951701427003293 0.05592105263157894
0 0.06750823271130627 0.028371710526315787 0.027442371020856202 0.030427631578947366
0 0.052689352360043906 0.013157894736842105 0.010976948408342482 0.01644736842105263