0 0.1800219538968167 0.2668585526315789 0.10318331503841932 0.16858552631578946
0 0.5164654226125137 0.13651315789473684 0.034028540065861694 0.07072368421052631
0 0.6953896816684961 0.27590460526315785 0.11086717892425905 0.07976973684210525
0 0.9012074643249177 0.17023026315789472 0.03512623490669594 0.06743421052631579
0 0.6657519209659715 0.2512335526315789 0.0845225027442371 0.078125
0 0.04994511525795829 0.1282894736842105 0.06037321624588365 0.029605263157894735
0 0.9313940724478595 0.1640625 0.025246981339187707 0.02713815789473684
0 0.8024149286498353 0.09539473684210525 0.019758507135016465 0.03453947368421052
0 0.7843029637760702 0.0912828947368421 0.01646542261251372 0.029605263157894735
0 0.4785949506037322 0.050575657894736836 0.008781558726673985 0.010690789473684209
0 0.15587266739846323 0.07360197368421052 0.013172338090010977 0.013980263157894735
0 0.1251372118551043 0.0756578947368421 0.010976948408342482 0.01644736842105263