2 0.5074013157894737 0.5170142700329309 0.07401315789473684 0.1690450054884742
2 0.01850328947368421 0.4039517014270033 0.03700657894736842 0.16245883644346873
2 0.5135690789473684 0.2848518111964874 0.022203947368421052 0.0889132821075741
2 0.33634868421052627 0.33040614709110866 0.02631578947368421 0.08122941822173436
2 0.9671052631578947 0.3605927552140505 0.042763157894736836 0.15477497255762898
2 0.5296052631578947 0.4127332601536773 0.05592105263157894 0.12733260153677278
2 0.653782894736842 0.3880351262349067 0.05921052631578947 0.13501646542261253
2 0.6825657894736842 0.3260153677277717 0.046052631578947366 0.06147091108671789
2 0.7351973684210525 0.283205268935236 0.023026315789473683 0.08342480790340286
2 0.78125 0.2969264544456641 0.024671052631578948 0.0933040614709111
0 0.5472861842105263 0.36663007683863885 0.020559210526315787 0.03512623490669594
0 0.9794407894736842 0.29198682766191 0.018092105263157895 0.01756311745334797
0 0.6969572368421052 0.3062568605927552 0.012335526315789474 0.021953896816684963
0 0.6307565789473684 0.33205268935236004 0.013157894736842105 0.02305159165751921
0 0.4934210526315789 0.4456641053787047 0.024671052631578948 0.026344676180021953
0 0.0078125 0.32985729967069155 0.015625 0.014270032930845226
0 0.5119243421052632 0.24588364434687157 0.010690789473684209 0.010976948408342482
0 0.7413651315789473 0.2464324917672887 0.010690789473684209 0.009879253567508232
0 0.780016447368421 0.25576289791437984 0.010690789473684209 0.010976948408342482