2 0.569078947368421 0.4654226125137212 0.11019736842105263 0.1712403951701427
0 0.583470394736842 0.4077936333699232 0.03536184210526316 0.05598243688254666
2 0.47574013157894735 0.1525795828759605 0.010690789473684209 0.0570801317233809
2 0.4917763157894737 0.1525795828759605 0.014802631578947368 0.054884742041712405
2 0.5057565789473684 0.150384193194292 0.011513157894736841 0.0570801317233809
2 0.5254934210526315 0.15422612513721187 0.014802631578947368 0.04939626783754116
2 0.5435855263157895 0.150384193194292 0.01644736842105263 0.050493962678375415
2 0.5645559210526315 0.14983534577387486 0.009046052631578948 0.04720087815587267
2 0.5855263157894737 0.15148188803512624 0.013157894736842105 0.052689352360043906
0 0.475328947368421 0.12733260153677278 0.006578947368421052 0.006586169045005488
0 0.490953947368421 0.12788144895718992 0.004934210526315789 0.005488474204171241
0 0.5061677631578947 0.12458836443468717 0.005756578947368421 0.005488474204171241
0 0.5267269736842105 0.1322722283205269 0.007401315789473684 0.005488474204171241
0 0.5382401315789473 0.12788144895718992 0.005756578947368421 0.005488474204171241
0 0.5633223684210527 0.12952799121844127 0.006578947368421052 0.006586169045005488
0 0.584703947368421 0.12788144895718992 0.006578947368421052 0.005488474204171241