2 0.7088815789473684 0.7354555433589463 0.08223684210526315 0.14270032930845225
0 0.739720394736842 0.6866081229418222 0.01726973684210526 0.031833150384193196
2 0.6007401315789473 0.020856201975850714 0.01726973684210526 0.04171240395170143
2 0.653782894736842 0.0296377607025247 0.018092105263157895 0.019758507135016465
2 0.7335526315789473 0.01866081229418222 0.01644736842105263 0.03512623490669594
2 0.8145559210526315 0.12733260153677278 0.018914473684210526 0.019758507135016465
2 0.9300986842105262 0.19868276619099892 0.021381578947368418 0.01756311745334797
0 0.9379111842105262 0.19319429198682767 0.004111842105263158 0.008781558726673985
0 0.6603618421052632 0.02469813391877058 0.004934210526315789 0.009879253567508232
0 0.7384868421052632 0.0038419319429198683 0.004934210526315789 0.007683863885839737
0 0.8215460526315789 0.12019758507135017 0.003289473684210526 0.007683863885839737