2 0.16036184210526314 0.29198682766191 0.03125 0.10757409440175632
2 0.046875 0.2645444566410538 0.03125 0.0592755214050494
2 0.256578947368421 0.3600439077936334 0.044407894736842105 0.12952799121844127
2 0.32277960526315785 0.4149286498353458 0.061677631578947366 0.16245883644346873
2 0.29728618421052627 0.2854006586169045 0.02549342105263158 0.10537870472008781
2 0.42639802631578944 0.2530186608122942 0.022203947368421052 0.036223929747530186
2 0.5180921052631579 0.29747530186608123 0.03618421052631579 0.13391877058177826
2 0.5719572368421052 0.27222832052689355 0.02549342105263158 0.07244785949506037
2 0.600328947368421 0.287596048298573 0.02631578947368421 0.1163556531284303
2 0.6907894736842105 0.27332601536772777 0.029605263157894735 0.08122941822173436
2 0.7294407894736842 0.22557628979143798 0.019736842105263157 0.05817782656421515
2 0.7767269736842105 0.22502744237102087 0.018914473684210526 0.0570801317233809
2 0.7972861842105262 0.22502744237102087 0.022203947368421052 0.06147091108671789
0 0.24342105263157893 0.31009879253567507 0.018092105263157895 0.0296377607025247
0 0.29152960526315785 0.2398463227222832 0.013980263157894735 0.014270032930845226
0 0.5189144736842105 0.23819978046103185 0.01644736842105263 0.015367727771679473
0 0.5986842105263157 0.23819978046103185 0.014802631578947368 0.01756311745334797
2 0.006990131578947368 0.29198682766191 0.013980263157894735 0.06147091108671789
0 0.1644736842105263 0.24533479692645446 0.011513157894736841 0.014270032930845226
0 0.04975328947368421 0.2414928649835346 0.009046052631578948 0.013172338090010977
0 0.342516447368421 0.3490669593852909 0.022203947368421052 0.02854006586169045
2 0.31661184210526316 0.24094401756311745 0.01644736842105263 0.06695938529088913
0 0.31620065789473684 0.21130625686059276 0.007401315789473684 0.007683863885839737
0 0.4272203947368421 0.2398463227222832 0.007401315789473684 0.009879253567508232
2 0.7680921052631579 0.2502744237102086 0.019736842105263157 0.043907793633369926
0 0.733141447368421 0.20032930845225028 0.007401315789473684 0.007683863885839737
0 0.7676809210526315 0.2327113062568606 0.010690789473684209 0.008781558726673985
0 0.778782894736842 0.19978046103183317 0.008223684210526315 0.006586169045005488
0 0.7993421052631579 0.19758507135016465 0.006578947368421052 0.006586169045005488