2 0.7158717105263157 0.6849615806805708 0.02713815789473684 0.08781558726673985
0 0.7171052631578947 0.6487376509330406 0.011513157894736841 0.015367727771679473
2 0.1282894736842105 0.7332601536772777 0.039473684210526314 0.06366630076838639
0 0.11348684210526315 0.7085620197585072 0.009868421052631578 0.014270032930845226
2 0.35567434210526316 0.654774972557629 0.022203947368421052 0.05378704720087816
2 0.31661184210526316 0.5510428100987925 0.021381578947368418 0.04171240395170143
2 0.4309210526315789 0.7272228320526893 0.01644736842105263 0.020856201975850714
2 0.5201480263157895 0.672338090010977 0.018914473684210526 0.05817782656421515
2 0.48108552631578944 0.7030735455543359 0.019736842105263157 0.05817782656421515
2 0.4851973684210526 0.685510428100988 0.013157894736842105 0.0296377607025247
0 0.4292763157894737 0.7206366630076839 0.008223684210526315 0.007683863885839737
0 0.4777960526315789 0.6772777167947311 0.006578947368421052 0.006586169045005488
0 0.48355263157894735 0.6756311745334798 0.006578947368421052 0.009879253567508232
0 0.5160361842105263 0.6481888035126235 0.009046052631578948 0.007683863885839737
0 0.34786184210526316 0.6317233809001098 0.006578947368421052 0.007683863885839737
0 0.30838815789473684 0.5329308452250274 0.004934210526315789 0.005488474204171241
2 0.6056743421052632 0.3490669593852909 0.012335526315789474 0.04171240395170143
2 0.6163651315789473 0.2969264544456641 0.009046052631578948 0.04061470911086718
2 0.630345394736842 0.27991218441273324 0.013980263157894735 0.02854006586169045
2 0.7434210526315789 0.29143798024149287 0.014802631578947368 0.042810098792535674
2 0.7754934210526315 0.27058177826564217 0.011513157894736841 0.042810098792535674
2 0.7660361842105263 0.24533479692645446 0.012335526315789474 0.04061470911086718
0 0.608141447368421 0.06147091108671789 0.0024671052631578946 0.0043907793633369925
0 0.6023848684210525 0.33150384193194293 0.005756578947368421 0.006586169045005488
0 0.6155427631578947 0.27936333699231614 0.005756578947368421 0.005488474204171241
0 0.6356907894736842 0.2683863885839737 0.003289473684210526 0.005488474204171241
2 0.8466282894736842 0.20801317233809002 0.010690789473684209 0.036223929747530186
0 0.7430098684210525 0.27277716794731066 0.005756578947368421 0.005488474204171241
0 0.7738486842105263 0.2513721185510428 0.004934210526315789 0.0043907793633369925
0 0.8486842105263157 0.19319429198682767 0.004934210526315789 0.006586169045005488
0 0.764391447368421 0.22722283205268937 0.004111842105263158 0.0043907793633369925
0 0.5699013157894737 0.07189901207464325 0.003289473684210526 0.003293084522502744
2 0.5978618421052632 0.09714599341383096 0.008223684210526315 0.01646542261251372
2 0.5740131578947368 0.08287596048298573 0.011513157894736841 0.025246981339187707
2 0.5320723684210527 0.07574094401756312 0.009868421052631578 0.026344676180021953
2 0.6101973684210525 0.06970362239297476 0.006578947368421052 0.020856201975850714
2 0.6463815789473684 0.1256860592755214 0.006578947368421052 0.025246981339187707
2 0.6644736842105263 0.1300768386388584 0.014802631578947368 0.020856201975850714
2 0.7919407894736842 0.09275521405049397 0.009868421052631578 0.027442371020856202
2 0.7857730263157894 0.08946212952799122 0.007401315789473684 0.025246981339187707
0 0.912828947368421 0.36388583973655325 0.006578947368421052 0.007683863885839737
0 0.6591282894736842 0.1251372118551043 0.004111842105263158 0.006586169045005488
2 0.920641447368421 0.3737650933040615 0.023848684210526314 0.031833150384193196
2 0.2606907894736842 0.12458836443468717 0.009868421052631578 0.025246981339187707
2 0.27713815789473684 0.12349066959385291 0.008223684210526315 0.01866081229418222
2 0.30386513157894735 0.10098792535675083 0.009046052631578948 0.021953896816684963
2 0.31866776315789475 0.10373216245883644 0.009046052631578948 0.020856201975850714
2 0.3231907894736842 0.09604829857299671 0.009868421052631578 0.027442371020856202
2 0.15090460526315788 0.07738748627881449 0.010690789473684209 0.025246981339187707
2 0.033717105263157895 0.14270032930845225 0.008223684210526315 0.015367727771679473
0 0.2582236842105263 0.1141602634467618 0.004934210526315789 0.0043907793633369925
0 0.280016447368421 0.1207464324917673 0.0024671052631578946 0.0043907793633369925
0 0.30139802631578944 0.09165751920965971 0.004111842105263158 0.003293084522502744
0 0.3157894736842105 0.09549945115257959 0.003289473684210526 0.0043907793633369925
0 0.32072368421052627 0.0845225027442371 0.003289473684210526 0.0043907793633369925