2 0.686266447368421 0.5164473684210527 0.010690789473684209 0.03728070175438596
2 0.7804276315789473 0.5208333333333333 0.011513157894736841 0.03508771929824561
2 0.8721217105263157 0.5180921052631579 0.005756578947368421 0.03399122807017543
2 0.9407894736842105 0.5202850877192983 0.009868421052631578 0.027412280701754384
2 0.19901315789473684 0.5663377192982456 0.021381578947368418 0.0756578947368421
2 0.30139802631578944 0.6041666666666666 0.028782894736842105 0.07236842105263158
0 0.1981907894736842 0.5356359649122807 0.01644736842105263 0.01425438596491228
0 0.3079769736842105 0.575657894736842 0.009046052631578948 0.015350877192982455
2 0.6973684210526315 0.5263157894736842 0.008223684210526315 0.010964912280701754
0 0.6870888157894737 0.5 0.004111842105263158 0.0043859649122807015
0 0.6969572368421052 0.5230263157894737 0.004111842105263158 0.0043859649122807015
0 0.9391447368421052 0.5093201754385964 0.004934210526315789 0.005482456140350877
2 0.8671875 0.5104166666666666 0.005756578947368421 0.01864035087719298
0 0.872532894736842 0.5032894736842105 0.004934210526315789 0.0043859649122807015
0 0.8671875 0.5032894736842105 0.004111842105263158 0.0043859649122807015
2 0.8166118421052632 0.525219298245614 0.011513157894736841 0.039473684210526314
2 0.810032894736842 0.5246710526315789 0.008223684210526315 0.04057017543859649
2 0.8009868421052632 0.5180921052631579 0.013157894736842105 0.03618421052631579
2 0.7368421052631579 0.5164473684210527 0.009868421052631578 0.010964912280701754
0 0.8162006578947368 0.5071271929824561 0.004111842105263158 0.003289473684210526
0 0.8096217105263157 0.5076754385964912 0.004111842105263158 0.006578947368421052
0 0.8030427631578947 0.5027412280701754 0.004111842105263158 0.005482456140350877
0 0.7808388157894737 0.5049342105263157 0.004111842105263158 0.003289473684210526
0 0.739720394736842 0.513157894736842 0.004111842105263158 0.0043859649122807015
0 0.755345394736842 0.49616228070175433 0.0024671052631578946 0.003289473684210526
2 0.7557565789473684 0.49780701754385964 0.004934210526315789 0.006578947368421052
2 0.7763157894736842 0.5 0.004934210526315789 0.021929824561403508