2 0.4383223684210526 0.14270032930845225 0.03289473684210526 0.08342480790340286
0 0.44901315789473684 0.11141602634467618 0.011513157894736841 0.020856201975850714
2 0.6726973684210525 0.3743139407244786 0.01644736842105263 0.07464324917672888
2 0.7138157894736842 0.37980241492864986 0.01644736842105263 0.07464324917672888
2 0.8009868421052632 0.38199780461031835 0.01644736842105263 0.07683863885839737
2 0.8038651315789473 0.34632272228320526 0.015625 0.027442371020856202
2 0.7586348684210525 0.31009879253567507 0.015625 0.014270032930845226
2 0.5542763157894737 0.29363336992316136 0.011513157894736841 0.04720087815587267
0 0.5575657894736842 0.27277716794731066 0.004934210526315789 0.005488474204171241
2 0.849095394736842 0.38364434687156973 0.015625 0.0845225027442371
2 0.8651315789473684 0.3743139407244786 0.01644736842105263 0.08122941822173436
0 0.6759868421052632 0.3419319429198683 0.008223684210526315 0.009879253567508232
0 0.716282894736842 0.34742041712403954 0.008223684210526315 0.009879253567508232
0 0.7549342105263157 0.3057080131723381 0.006578947368421052 0.005488474204171241
0 0.802220394736842 0.3375411635565313 0.007401315789473684 0.009879253567508232
0 0.8046875 0.34796926454445665 0.009046052631578948 0.008781558726673985
0 0.8519736842105262 0.34687156970362243 0.009868421052631578 0.010976948408342482
0 0.8667763157894737 0.33863885839736557 0.009868421052631578 0.007683863885839737
2 0.6336348684210525 0.15203073545554335 0.010690789473684209 0.04061470911086718
2 0.8544407894736842 0.16410537870472008 0.013157894736842105 0.02305159165751921
0 0.6324013157894737 0.13556531284302964 0.006578947368421052 0.005488474204171241
0 0.8552631578947368 0.15477497255762898 0.004934210526315789 0.0043907793633369925
2 0.17351973684210525 0.2843029637760703 0.013157894736842105 0.030735455543358946
2 0.21299342105263155 0.30954994511525796 0.014802631578947368 0.024149286498353458
2 0.24136513157894735 0.305159165751921 0.013980263157894735 0.043907793633369926
0 0.17351973684210525 0.27332601536772777 0.006578947368421052 0.008781558726673985
0 0.21217105263157893 0.300768386388584 0.006578947368421052 0.006586169045005488
0 0.2372532894736842 0.2859495060373216 0.004111842105263158 0.005488474204171241