2 0.17618002195389681 0.3137335526315789 0.08013172338090012 0.10773026315789473
2 0.4264544456641054 0.280016447368421 0.08013172338090012 0.07648026315789473
2 0.5779363336992316 0.33963815789473684 0.0933040614709111 0.10032894736842105
2 0.09055982436882547 0.2997532894736842 0.06476399560922064 0.0962171052631579
2 0.6986827661909989 0.3601973684210526 0.06037321624588365 0.08552631578947367
2 0.6487376509330406 0.3458059210526316 0.06147091108671789 0.0912828947368421
2 0.9489571899012075 0.37952302631578944 0.05598243688254666 0.07154605263157894
0 0.20032930845225028 0.27261513157894735 0.027442371020856202 0.022203947368421052
0 0.602085620197585 0.29605263157894735 0.02305159165751921 0.013157894736842105
0 0.66794731064764 0.30715460526315785 0.02305159165751921 0.013980263157894735
0 0.7178924259055983 0.32401315789473684 0.021953896816684963 0.013157894736842105
0 0.45718990120746433 0.24835526315789472 0.01866081229418222 0.013157894736842105
0 0.0933040614709111 0.2598684210526316 0.026344676180021953 0.014802631578947368
2 0.8721185510428101 0.3211348684210526 0.06037321624588365 0.06332236842105263
0 0.8951701427003294 0.29523026315789475 0.014270032930845226 0.011513157894736841
0 0.968715697036224 0.34786184210526316 0.012074643249176729 0.008223684210526315
2 0.1256860592755214 0.10978618421052631 0.04939626783754116 0.08470394736842105
0 0.1394072447859495 0.07236842105263158 0.015367727771679473 0.009868421052631578