2 0.11220311220311222 0.6365131578947368 0.12776412776412777 0.5975877192982456
2 0.2788697788697789 0.6244517543859649 0.11056511056511058 0.5405701754385964
2 0.4516789516789517 0.669407894736842 0.1498771498771499 0.5712719298245613
2 0.7452907452907453 0.6951754385964912 0.14905814905814907 0.6096491228070176
2 0.583947583947584 0.5235745614035088 0.062244062244062245 0.27960526315789475
2 0.5225225225225225 0.5466008771929824 0.06552006552006552 0.3015350877192982
2 0.871007371007371 0.6233552631578947 0.08927108927108927 0.42872807017543857
2 0.6363636363636364 0.556469298245614 0.07371007371007371 0.33442982456140347
2 0.37674037674037675 0.5449561403508771 0.08517608517608519 0.41666666666666663
0 0.11998361998361999 0.36622807017543857 0.07452907452907453 0.05701754385964912
0 0.3050778050778051 0.3958333333333333 0.056511056511056514 0.08114035087719298
0 0.39803439803439805 0.35910087719298245 0.04258804258804259 0.042763157894736836
0 0.4451269451269452 0.41173245614035087 0.06306306306306307 0.05592105263157894
0 0.7444717444717445 0.4265350877192982 0.07698607698607698 0.07456140350877193
2 0.2530712530712531 0.5328947368421052 0.04586404586404587 0.37280701754385964
2 0.4856674856674857 0.4775219298245614 0.05077805077805078 0.1611842105263158
2 0.6814086814086815 0.45942982456140347 0.049140049140049144 0.1513157894736842
2 0.34234234234234234 0.4983552631578947 0.03276003276003276 0.2839912280701754
2 0.8460278460278461 0.49725877192982454 0.040950040950040956 0.24232456140350875
2 0.7932022932022933 0.4928728070175438 0.05323505323505324 0.18311403508771928
2 0.920966420966421 0.5 0.07452907452907453 0.2741228070175438