2 0.3655427631578947 0.5554335894621295 0.1488486842105263 0.4017563117453348
2 0.1768092105263158 0.4994511525795829 0.3536184210526316 0.9989023051591658
0 0.3992598684210526 0.3946212952799122 0.08141447368421052 0.07793633369923161
2 0.15419407894736842 0.3940724478594951 0.17023026315789472 0.7881448957189902
2 0.5407072368421052 0.685510428100988 0.4169407894736842 0.6267837541163557
2 0.6883223684210525 0.6750823271130626 0.18421052631578946 0.21953896816684962
2 0.950657894736842 0.8474204171240396 0.09868421052631579 0.305159165751921
2 0.514391447368421 0.11141602634467618 0.010690789473684209 0.05159165751920966
0 0.5152138157894737 0.0889132821075741 0.005756578947368421 0.006586169045005488
2 0.7816611842105263 0.09879253567508232 0.007401315789473684 0.026344676180021953
2 0.7935855263157894 0.1004390779363337 0.008223684210526315 0.0296377607025247
2 0.802220394736842 0.10153677277716795 0.005756578947368421 0.031833150384193196
2 0.865953947368421 0.10208562019758508 0.008223684210526315 0.03293084522502744
0 0.8680098684210525 0.08836443468715698 0.004111842105263158 0.005488474204171241
0 0.7915296052631579 0.08836443468715698 0.004111842105263158 0.005488474204171241
0 0.803453947368421 0.08781558726673985 0.003289473684210526 0.0043907793633369925