2 0.03618421052631579 0.5461031833150385 0.049342105263157895 0.18770581778265644
2 0.19777960526315788 0.6278814489571899 0.04523026315789473 0.19099890230515917
2 0.2109375 0.5241492864983535 0.03700657894736842 0.10428100987925357
2 0.6361019736842105 0.15697036223929747 0.018914473684210526 0.06805708013172339
2 0.6130756578947368 0.15422612513721187 0.020559210526315787 0.06915477497255763
0 0.18873355263157893 0.5428100987925357 0.02713815789473684 0.020856201975850714
0 0.2035361842105263 0.4807903402854007 0.022203947368421052 0.01756311745334797
0 0.038240131578947366 0.46432491767288697 0.023848684210526314 0.024149286498353458
0 0.020559210526315787 0.7585071350164655 0.023026315789473683 0.03512623490669594
2 0.06044407894736842 0.2969264544456641 0.02549342105263158 0.05817782656421515
0 0.06414473684210525 0.27991218441273324 0.011513157894736841 0.013172338090010977
0 0.6175986842105263 0.12403951701427003 0.008223684210526315 0.008781558726673985
0 0.6356907894736842 0.12678375411635565 0.008223684210526315 0.007683863885839737
2 0.01644736842105263 0.8331503841931943 0.03289473684210526 0.18441273326015367
2 0.20559210526315788 0.10428100987925357 0.01644736842105263 0.052689352360043906
2 0.2376644736842105 0.06421514818880351 0.014802631578947368 0.04500548847420417
2 0.1846217105263158 0.027442371020856202 0.007401315789473684 0.03512623490669594
2 0.15419407894736842 0.07025246981339188 0.01726973684210526 0.026344676180021953
2 0.0053453947368421045 0.13391877058177826 0.010690789473684209 0.054884742041712405
2 0.04564144736842105 0.14270032930845225 0.015625 0.06147091108671789
2 0.03988486842105263 0.1141602634467618 0.015625 0.02854006586169045
2 0.109375 0.052689352360043906 0.009868421052631578 0.04610318331503842
2 0.12458881578947367 0.024149286498353458 0.012335526315789474 0.03512623490669594
2 0.15501644736842105 0.03951701427003293 0.010690789473684209 0.024149286498353458
0 0.041529605263157895 0.11525795828759605 0.007401315789473684 0.006586169045005488
0 0.04070723684210526 0.10318331503841932 0.007401315789473684 0.006586169045005488
0 0.20271381578947367 0.08122941822173436 0.009046052631578948 0.006586169045005488
0 0.15296052631578946 0.029088913282107574 0.003289473684210526 0.003293084522502744
0 0.10773026315789473 0.03238199780461032 0.004934210526315789 0.005488474204171241
0 0.2347861842105263 0.04445664105378705 0.005756578947368421 0.005488474204171241
0 0.1825657894736842 0.012074643249176729 0.003289473684210526 0.0043907793633369925
0 0.12376644736842105 0.008781558726673985 0.004111842105263158 0.0043907793633369925