2 0.13240131578947367 0.712719298245614 0.2631578947368421 0.5197368421052632
2 0.3499177631578947 0.4221491228070175 0.02713815789473684 0.10087719298245613
2 0.303453947368421 0.5345394736842105 0.07730263157894736 0.08442982456140351
2 0.40789473684210525 0.5087719298245614 0.05098684210526316 0.08771929824561403
2 0.6180098684210525 0.4183114035087719 0.030427631578947366 0.0756578947368421
2 0.08429276315789473 0.47039473684210525 0.03700657894736842 0.14473684210526316
2 0.21052631578947367 0.5219298245614035 0.046052631578947366 0.07894736842105263
0 0.35197368421052627 0.3777412280701754 0.023026315789473683 0.01206140350877193
0 0.3182565789473684 0.5109649122807017 0.044407894736842105 0.03728070175438596
0 0.4083059210526316 0.4775219298245614 0.03865131578947368 0.025219298245614034
0 0.16858552631578946 0.4901315789473684 0.1282894736842105 0.07456140350877193
0 0.08552631578947367 0.40789473684210525 0.03453947368421052 0.019736842105263157