2 0.9412733260153677 0.484375 0.05159165751920966 0.1282894736842105
2 0.5647639956092206 0.4975328947368421 0.10208562019758508 0.11184210526315788
2 0.6652030735455544 0.4609375 0.03293084522502744 0.07319078947368421
2 0.3787047200878156 0.4539473684210526 0.03732162458836444 0.0805921052631579
2 0.22392974753018663 0.4592927631578947 0.03951701427003293 0.09292763157894736
2 0.08177826564215149 0.459703947368421 0.05817782656421515 0.1069078947368421
2 0.13721185510428102 0.4806743421052631 0.050493962678375415 0.061677631578947366
0 0.075192096597146 0.41570723684210525 0.027442371020856202 0.01726973684210526
0 0.1410537870472009 0.4609375 0.042810098792535674 0.022203947368421052
0 0.22228320526893525 0.4194078947368421 0.01866081229418222 0.013157894736842105
0 0.38364434687156973 0.41899671052631576 0.01866081229418222 0.010690789473684209
0 0.66794731064764 0.4296875 0.01866081229418222 0.010690789473684209
2 0.6026344676180022 0.4642269736842105 0.02854006586169045 0.07976973684210525
2 0.6114160263446762 0.4329769736842105 0.021953896816684963 0.03207236842105263
0 0.610318331503842 0.420641447368421 0.01756311745334797 0.007401315789473684
2 0.4978046103183315 0.46875 0.027442371020856202 0.08881578947368421
2 0.6970362239297475 0.45230263157894735 0.03293084522502744 0.04769736842105263
0 0.4978046103183315 0.4276315789473684 0.01646542261251372 0.008223684210526315