2 0.5213815789473684 0.7964782964782965 0.0537280701754386 0.10237510237510238
2 0.6452850877192982 0.7886977886977887 0.04057017543859649 0.08353808353808355
2 0.799890350877193 0.7395577395577396 0.029605263157894735 0.06715806715806716
2 0.9808114035087718 0.8378378378378379 0.038377192982456135 0.18345618345618347
2 0.9385964912280701 0.8611793611793612 0.08114035087719298 0.20065520065520068
0 0.5268640350877193 0.7514332514332515 0.01864035087719298 0.010647010647010648
0 0.6496710526315789 0.7526617526617527 0.01864035087719298 0.011466011466011467
0 0.8015350877192982 0.7113022113022114 0.015350877192982455 0.009009009009009009
0 0.9791666666666666 0.7563472563472564 0.03508771929824561 0.020475020475020478
1 0.525219298245614 0.7805077805077806 0.043859649122807015 0.04258804258804259
1 0.6474780701754386 0.7772317772317773 0.03618421052631579 0.036036036036036036
1 0.8004385964912281 0.7313677313677314 0.02631578947368421 0.027846027846027847