2 0.05263157894736842 0.7033991228070176 0.10526315789473684 0.3673245614035088
2 0.520970394736842 0.6332236842105263 0.04029605263157895 0.042763157894736836
2 0.11389802631578946 0.7028508771929824 0.06825657894736842 0.33114035087719296
2 0.06291118421052631 0.49671052631578944 0.03700657894736842 0.046052631578947366
2 0.5703125 0.6074561403508771 0.051809210526315784 0.08552631578947367
0 0.06126644736842105 0.47916666666666663 0.013980263157894735 0.010964912280701754
0 0.06743421052631579 0.5400219298245613 0.039473684210526314 0.04057017543859649
0 0.10978618421052631 0.5537280701754386 0.03700657894736842 0.03289473684210526
0 0.5662006578947368 0.5729166666666666 0.010690789473684209 0.01644736842105263
0 0.5197368421052632 0.5899122807017544 0.008223684210526315 0.015350877192982455
2 0.5197368421052632 0.5970394736842105 0.008223684210526315 0.029605263157894735
1 0.06291118421052631 0.5038377192982456 0.03700657894736842 0.03179824561403509
1 0.5226151315789473 0.6255482456140351 0.03700657894736842 0.027412280701754384
1 0.5694901315789473 0.587719298245614 0.04523026315789473 0.039473684210526314
1 0.5197368421052632 0.6030701754385964 0.008223684210526315 0.017543859649122806