2 0.40213815789473684 0.6962719298245613 0.13486842105263158 0.513157894736842
2 0.591282894736842 0.4616228070175438 0.021381578947368418 0.07017543859649122
2 0.685032894736842 0.46929824561403505 0.02631578947368421 0.08991228070175439
2 0.8194901315789473 0.4747807017543859 0.023848684210526314 0.046052631578947366
2 0.9403782894736842 0.5180921052631579 0.03700657894736842 0.11951754385964912
2 0.7216282894736842 0.47039473684210525 0.02713815789473684 0.08552631578947367
2 0.9004934210526315 0.5076754385964912 0.044407894736842105 0.10964912280701754
0 0.716282894736842 0.4325657894736842 0.01644736842105263 0.009868421052631578
0 0.6875 0.4298245614035088 0.018092105263157895 0.010964912280701754
0 0.5929276315789473 0.4320175438596491 0.014802631578947368 0.010964912280701754
0 0.8219572368421052 0.45614035087719296 0.010690789473684209 0.008771929824561403
0 0.9395559210526315 0.46875 0.03536184210526316 0.020833333333333332