2 0.0625 0.305159165751921 0.09210526315789473 0.4017563117453348
2 0.7105263157894737 0.27936333699231614 0.04769736842105263 0.18551042810098795
2 0.8096217105263157 0.2991218441273326 0.046875 0.17014270032930845
2 0.950657894736842 0.28869374313940727 0.041118421052631575 0.16026344676180024
0 0.059621710526315784 0.12733260153677278 0.04851973684210526 0.043907793633369926
0 0.7236842105263157 0.1959385290889133 0.019736842105263157 0.01866081229418222
0 0.8174342105263157 0.22447859495060374 0.021381578947368418 0.020856201975850714
0 0.9535361842105262 0.21844127332601537 0.022203947368421052 0.019758507135016465
0 0.8363486842105262 0.17892425905598244 0.014802631578947368 0.013172338090010977
2 0.833470394736842 0.23874862788144896 0.020559210526315787 0.132821075740944
2 0.23026315789473684 0.09769484083424808 0.013157894736842105 0.06366630076838639
2 0.30962171052631576 0.11031833150384193 0.015625 0.06256860592755215
2 0.4140625 0.11196487376509331 0.01726973684210526 0.06147091108671789
0 0.22902960526315788 0.070801317233809 0.009046052631578948 0.009879253567508232
0 0.3120888157894737 0.0845225027442371 0.009046052631578948 0.010976948408342482
0 0.4140625 0.08562019758507135 0.007401315789473684 0.008781558726673985