2 0.3699231613611416 0.36348684210526316 0.03512623490669594 0.09046052631578946
2 0.41547749725576294 0.359375 0.04500548847420417 0.09703947368421052
2 0.4978046103183315 0.29934210526315785 0.036223929747530186 0.08552631578947367
0 0.3754116355653129 0.32483552631578944 0.019758507135016465 0.013157894736842105
0 0.4989023051591658 0.2635690789473684 0.01646542261251372 0.013980263157894735
2 0.14763995609220637 0.06866776315789473 0.020856201975850714 0.03865131578947368
2 0.6026344676180022 0.07113486842105263 0.015367727771679473 0.03865131578947368
0 0.14763995609220637 0.052220394736842105 0.009879253567508232 0.005756578947368421
0 0.6026344676180022 0.0546875 0.006586169045005488 0.0024671052631578946
2 0.34632272228320526 0.029194078947368418 0.020856201975850714 0.03536184210526316
2 0.3754116355653129 0.027549342105263157 0.015367727771679473 0.03536184210526316
0 0.3402854006586169 0.014802631578947368 0.006586169045005488 0.006578947368421052
0 0.3743139407244786 0.011513157894736841 0.006586169045005488 0.003289473684210526