2 0.25686059275521406 0.07524671052631579 0.052689352360043906 0.08799342105263157
2 0.8913282107574094 0.19983552631578946 0.08122941822173436 0.10361842105263157
2 0.4473106476399561 0.11883223684210525 0.0845225027442371 0.19490131578947367
2 0.4928649835345774 0.09169407894736842 0.0592755214050494 0.12911184210526316
2 0.20417124039517015 0.06414473684210525 0.0570801317233809 0.11677631578947367
0 0.4440175631174534 0.033717105263157895 0.036223929747530186 0.024671052631578948
0 0.48243688254665207 0.03536184210526316 0.027442371020856202 0.01644736842105263
0 0.18825466520307355 0.011924342105263157 0.020856201975850714 0.012335526315789474
0 0.25192096597145996 0.03741776315789473 0.025246981339187707 0.012335526315789474
0 0.893523600439078 0.1595394736842105 0.030735455543358946 0.023026315789473683
2 0.7985729967069155 0.13733552631578946 0.034028540065861694 0.049342105263157895
2 0.9121844127332602 0.14021381578947367 0.03512623490669594 0.04194078947368421
0 0.8090010976948409 0.11924342105263157 0.013172338090010977 0.011513157894736841
0 0.9154774972557629 0.1254111842105263 0.019758507135016465 0.012335526315789474