2 0.2859495060373216 0.27179276315789475 0.05378704720087816 0.109375
2 0.052689352360043906 0.4839638157894737 0.10537870472008781 0.40542763157894735
2 0.4593852908891328 0.2911184210526316 0.06476399560922064 0.08717105263157894
2 0.5592755214050494 0.2109375 0.07574094401756312 0.06332236842105263
2 0.5285400658616904 0.296875 0.05378704720087816 0.14309210526315788
2 0.6081229418221734 0.31743421052631576 0.08562019758507135 0.10197368421052631
2 0.6997804610318332 0.3260690789473684 0.10208562019758508 0.171875
0 0.6212952799121845 0.2767269736842105 0.04171240395170143 0.020559210526315787
2 0.06531284302963776 0.3421052631578947 0.13062568605927552 0.2713815789473684
0 0.02579582875960483 0.21875 0.05159165751920966 0.02631578947368421
0 0.3024149286498354 0.22532894736842105 0.020856201975850714 0.01644736842105263
0 0.45993413830955 0.2557565789473684 0.021953896816684963 0.01644736842105263
0 0.5225027442371021 0.23396381578947367 0.030735455543358946 0.01726973684210526
0 0.7091108671789242 0.25411184210526316 0.03732162458836444 0.02796052631578947
2 0.8589462129527992 0.7837171052631579 0.2821075740944018 0.4325657894736842