2 0.5203073545554336 0.1225328947368421 0.13830954994511527 0.2450657894736842
2 0.6888035126234907 0.23314144736842105 0.034028540065861694 0.018914473684210526
2 0.7881448957189902 0.23807565789473684 0.02854006586169045 0.030427631578947366
2 0.818331503841932 0.24054276315789472 0.02305159165751921 0.03700657894736842
2 0.8529088913282108 0.24465460526315788 0.030735455543358946 0.04029605263157895
0 0.8408342480790341 0.109375 0.006586169045005488 0.003289473684210526
2 0.924259055982437 0.1455592105263158 0.019758507135016465 0.021381578947368418
2 0.8238199780461032 0.12582236842105263 0.01866081229418222 0.021381578947368418
2 0.8441273326015368 0.11924342105263157 0.015367727771679473 0.023026315789473683
0 0.7003293084522503 0.22738486842105263 0.010976948408342482 0.007401315789473684
0 0.7991218441273327 0.22574013157894735 0.006586169045005488 0.005756578947368421
0 0.822722283205269 0.22450657894736842 0.009879253567508232 0.004934210526315789
0 0.858397365532382 0.22738486842105263 0.010976948408342482 0.005756578947368421
2 0.9143798024149287 0.27796052631578944 0.03951701427003293 0.03289473684210526
0 0.9193194291986828 0.26480263157894735 0.009879253567508232 0.006578947368421052
0 0.9297475301866082 0.13733552631578946 0.006586169045005488 0.004934210526315789