2 0.09950657894736842 0.5922063666300769 0.19901315789473684 0.747530186608123
2 0.6106085526315789 0.43962678375411635 0.12088815789473684 0.2996706915477497
2 0.303453947368421 0.27497255762897915 0.03453947368421052 0.12843029637760703
2 0.3371710526315789 0.3194291986827662 0.05756578947368421 0.07683863885839737
0 0.96875 0.25192096597145996 0.039473684210526314 0.04720087815587267
0 0.6492598684210525 0.3205268935236005 0.04194078947368421 0.06366630076838639
2 0.974095394736842 0.3079034028540066 0.051809210526315784 0.15916575192096596
2 0.16036184210526314 0.35236004390779363 0.09703947368421052 0.2678375411635565
0 0.08305921052631579 0.2552140504939627 0.08388157894736842 0.07135016465422613
0 0.14473684210526316 0.2327113062568606 0.03289473684210526 0.026344676180021953
0 0.29358552631578944 0.21789242590559826 0.014802631578947368 0.014270032930845226
0 0.359375 0.30680570801317236 0.013157894736842105 0.020856201975850714