2 0.07976973684210525 0.4934138309549945 0.03125 0.10208562019758508
2 0.10526315789473684 0.49176728869374314 0.029605263157894735 0.1185510428100988
2 0.140625 0.495609220636663 0.03289473684210526 0.11525795828759605
2 0.21217105263157893 0.4967069154774973 0.02631578947368421 0.10428100987925357
2 0.3026315789473684 0.4659714599341383 0.023026315789473683 0.06915477497255763
2 0.3449835526315789 0.4670691547749726 0.018914473684210526 0.07574094401756312
0 0.07935855263157894 0.45225027442371024 0.015625 0.01756311745334797
0 0.0990953947368421 0.4418221734357849 0.015625 0.01646542261251372
0 0.14309210526315788 0.4489571899012075 0.014802631578947368 0.01756311745334797
0 0.1722861842105263 0.4445664105378705 0.015625 0.01756311745334797
0 0.21299342105263155 0.4538968166849616 0.014802631578947368 0.01646542261251372
0 0.30386513157894735 0.43852908891328213 0.009046052631578948 0.009879253567508232
0 0.34621710526315785 0.437980241492865 0.011513157894736841 0.010976948408342482
2 0.1768092105263158 0.49396267837541163 0.03453947368421052 0.1185510428100988