2 0.6284302963776071 0.2635690789473684 0.10428100987925357 0.19490131578947367
2 0.2371020856201976 0.20189144736842105 0.04610318331503842 0.03700657894736842
0 0.6383095499451152 0.17886513157894735 0.04061470911086718 0.02549342105263158
2 0.3885839736553238 0.1907894736842105 0.03512623490669594 0.0625
2 0.36827661909989023 0.1722861842105263 0.02305159165751921 0.028782894736842105
2 0.5713501646542262 0.19120065789473684 0.036223929747530186 0.06661184210526315
0 0.5686059275521406 0.16200657894736842 0.013172338090010977 0.008223684210526315
0 0.37760702524698136 0.16324013157894737 0.013172338090010977 0.007401315789473684
0 0.3726673984632272 0.1611842105263158 0.009879253567508232 0.006578947368421052
0 0.7135016465422612 0.16077302631578946 0.01756311745334797 0.005756578947368421
0 0.7766190998902306 0.16077302631578946 0.01646542261251372 0.005756578947368421
0 0.9346871569703623 0.16611842105263158 0.014270032930845226 0.009868421052631578
2 0.7069154774972558 0.17804276315789472 0.04171240395170143 0.04029605263157895
2 0.7727771679473107 0.17557565789473684 0.024149286498353458 0.03536184210526316
2 0.9324917672886938 0.18667763157894735 0.0296377607025247 0.05098684210526316
2 0.9023051591657519 0.18626644736842105 0.01756311745334797 0.05016447368421052
0 0.9006586169045006 0.16488486842105263 0.014270032930845226 0.007401315789473684
0 0.23545554335894622 0.1875 0.014270032930845226 0.006578947368421052