2 0.3413830954994512 0.5666118421052632 0.052689352360043906 0.11348684210526315
2 0.09440175631174534 0.48601973684210525 0.08562019758507135 0.09703947368421052
2 0.8468715697036224 0.39473684210526316 0.04500548847420417 0.07236842105263158
2 0.8265642151481888 0.2746710526315789 0.04171240395170143 0.07894736842105263
2 0.75192096597146 0.26809210526315785 0.02854006586169045 0.06907894736842105
2 0.7228320526893524 0.3996710526315789 0.031833150384193196 0.0805921052631579
2 0.6701427003293084 0.4194078947368421 0.06037321624588365 0.04769736842105263
2 0.2678375411635565 0.5822368421052632 0.08562019758507135 0.1282894736842105
0 0.3369923161361142 0.5213815789473684 0.026344676180021953 0.021381578947368418
0 0.25795828759604833 0.5271381578947368 0.03512623490669594 0.018092105263157895
0 0.8594950603732163 0.3655427631578947 0.01756311745334797 0.013980263157894735
0 0.7200878155872668 0.36430921052631576 0.01756311745334797 0.009868421052631578
0 0.06311745334796927 0.44777960526315785 0.020856201975850714 0.018914473684210526
2 0.6498353457738749 0.3984375 0.0592755214050494 0.05345394736842105
0 0.6465422612513722 0.4070723684210526 0.013172338090010977 0.014802631578947368
0 0.6377607025246982 0.4070723684210526 0.015367727771679473 0.014802631578947368
0 0.8260153677277717 0.24054276315789472 0.014270032930845226 0.010690789473684209
0 0.7469813391877058 0.2397203947368421 0.014270032930845226 0.012335526315789474