2 0.15460526315789472 0.6507675438596491 0.125 0.6524122807017544
2 0.22820723684210525 0.5915570175438596 0.10279605263157894 0.4989035087719298
2 0.37993421052631576 0.5926535087719298 0.12171052631578946 0.4462719298245614
2 0.4329769736842105 0.5608552631578947 0.07648026315789473 0.3870614035087719
2 0.5205592105263157 0.6025219298245613 0.11348684210526315 0.46600877192982454
2 0.7664473684210525 0.6030701754385964 0.10361842105263157 0.48026315789473684
2 0.8507401315789473 0.6567982456140351 0.08963815789473684 0.6030701754385964
0 0.16817434210526314 0.35416666666666663 0.07483552631578946 0.05921052631578947
0 0.23396381578947367 0.36622807017543857 0.05016447368421052 0.04824561403508772
0 0.37870065789473684 0.39309210526315785 0.04523026315789473 0.04714912280701754
0 0.4407894736842105 0.38541666666666663 0.03618421052631579 0.03618421052631579
0 0.5226151315789473 0.3881578947368421 0.04851973684210526 0.03728070175438596
0 0.5555098684210527 0.37938596491228066 0.03700657894736842 0.03289473684210526
0 0.7783717105263157 0.38322368421052627 0.05016447368421052 0.04057017543859649
0 0.8384046052631579 0.37993421052631576 0.0649671052631579 0.049342105263157895
2 0.5744243421052632 0.5729166666666666 0.078125 0.4199561403508772