1 0.5518092105263157 0.25740944017563117 0.03782894736842105 0.07574094401756312
1 0.5061677631578947 0.16465422612513722 0.01726973684210526 0.06147091108671789
1 0.490953947368421 0.1690450054884742 0.014802631578947368 0.06586169045005488
1 0.36348684210526316 0.2371020856201976 0.03618421052631579 0.1141602634467618
1 0.326891447368421 0.19978046103183317 0.01726973684210526 0.10098792535675083
1 0.3379934210526316 0.19538968166849616 0.014802631578947368 0.09659714599341383
1 0.23273026315789472 0.2047200878155873 0.02796052631578947 0.09549945115257959
1 0.2512335526315789 0.17233809001097694 0.015625 0.06147091108671789
0 0.1953125 0.15861690450054886 0.01726973684210526 0.05159165751920966
1 0.059621710526315784 0.16739846322722285 0.01726973684210526 0.06037321624588365
1 0.10896381578947367 0.16465422612513722 0.01726973684210526 0.06147091108671789
1 0.1225328947368421 0.16026344676180024 0.013157894736842105 0.0592755214050494
1 0.22450657894736842 0.15642151481888036 0.013157894736842105 0.05159165751920966
1 0.6097861842105263 0.17508232711306257 0.012335526315789474 0.02305159165751921