1 0.18331503841931943 0.6085526315789473 0.13830954994511527 0.11842105263157894
1 0.5790340285400659 0.2685032894736842 0.027442371020856202 0.02549342105263158
1 0.6322722283205269 0.27261513157894735 0.024149286498353458 0.01726973684210526
1 0.6630076838638859 0.3137335526315789 0.03293084522502744 0.04029605263157895
1 0.7178924259055983 0.3421052631578947 0.03293084522502744 0.018092105263157895
1 0.8358946212952799 0.3963815789473684 0.027442371020856202 0.03782894736842105
1 0.31064763995609224 0.6426809210526315 0.08122941822173436 0.11924342105263157
1 0.08287596048298573 0.11348684210526315 0.06256860592755215 0.042763157894736836
1 0.07244785949506037 0.04235197368421052 0.03732162458836444 0.04851973684210526
1 0.2941822173435785 0.12212171052631578 0.015367727771679473 0.020559210526315787
1 0.3062568605927552 0.11883223684210525 0.013172338090010977 0.028782894736842105
0 0.9851811196487377 0.7557565789473684 0.0296377607025247 0.03453947368421052
0 0.9637760702524698 0.7088815789473684 0.07244785949506037 0.06578947368421052