0 0.9412733260153677 0.484375 0.05159165751920966 0.1282894736842105
0 0.5647639956092206 0.4975328947368421 0.10208562019758508 0.11184210526315788
1 0.6652030735455544 0.4609375 0.03293084522502744 0.07319078947368421
1 0.3787047200878156 0.4539473684210526 0.03732162458836444 0.0805921052631579
1 0.22392974753018663 0.4592927631578947 0.03951701427003293 0.09292763157894736
1 0.08177826564215149 0.459703947368421 0.05817782656421515 0.1069078947368421
1 0.13721185510428102 0.4806743421052631 0.050493962678375415 0.061677631578947366
0 0.6026344676180022 0.4642269736842105 0.02854006586169045 0.07976973684210525
1 0.6114160263446762 0.4329769736842105 0.021953896816684963 0.03207236842105263
1 0.4978046103183315 0.46875 0.027442371020856202 0.08881578947368421
0 0.6970362239297475 0.45230263157894735 0.03293084522502744 0.04769736842105263