1 0.03618421052631579 0.5461031833150385 0.049342105263157895 0.18770581778265644
1 0.19777960526315788 0.6278814489571899 0.04523026315789473 0.19099890230515917
1 0.2109375 0.5241492864983535 0.03700657894736842 0.10428100987925357
1 0.6361019736842105 0.15697036223929747 0.018914473684210526 0.06805708013172339
1 0.6130756578947368 0.15422612513721187 0.020559210526315787 0.06915477497255763
1 0.06044407894736842 0.2969264544456641 0.02549342105263158 0.05817782656421515
1 0.01644736842105263 0.8331503841931943 0.03289473684210526 0.18441273326015367
1 0.20559210526315788 0.10428100987925357 0.01644736842105263 0.052689352360043906
1 0.2376644736842105 0.06421514818880351 0.014802631578947368 0.04500548847420417
1 0.1846217105263158 0.027442371020856202 0.007401315789473684 0.03512623490669594
0 0.15419407894736842 0.07025246981339188 0.01726973684210526 0.026344676180021953
0 0.0053453947368421045 0.13391877058177826 0.010690789473684209 0.054884742041712405
1 0.04564144736842105 0.14270032930845225 0.015625 0.06147091108671789
1 0.03988486842105263 0.1141602634467618 0.015625 0.02854006586169045
1 0.109375 0.052689352360043906 0.009868421052631578 0.04610318331503842
1 0.12458881578947367 0.024149286498353458 0.012335526315789474 0.03512623490669594
1 0.15501644736842105 0.03951701427003293 0.010690789473684209 0.024149286498353458