2 0.6796875 0.24094401756311745 0.03700657894736842 0.10647639956092207
2 0.7837171052631579 0.2760702524698134 0.039473684210526314 0.05159165751920966
2 0.9642269736842105 0.37596048298573 0.05345394736842105 0.05598243688254666
0 0.9473684210526315 0.36333699231613614 0.021381578947368418 0.030735455543358946
0 0.7915296052631579 0.25631174533479695 0.009046052631578948 0.014270032930845226
0 0.6903782894736842 0.19264544456641056 0.013980263157894735 0.012074643249176729
2 0.49671052631578944 0.2552140504939627 0.03125 0.05817782656421515
2 0.28125 0.2535675082327113 0.013157894736842105 0.02854006586169045
2 0.2964638157894737 0.25411635565312846 0.01726973684210526 0.0296377607025247
2 0.31167763157894735 0.25631174533479695 0.014802631578947368 0.027442371020856202
2 0.36430921052631576 0.25960482985729966 0.011513157894736841 0.025246981339187707
2 0.37870065789473684 0.25411635565312846 0.015625 0.0296377607025247
0 0.49383223684210525 0.23216245883644349 0.013980263157894735 0.012074643249176729
0 0.3100328947368421 0.2486278814489572 0.009868421052631578 0.012074643249176729
0 0.36636513157894735 0.2513721185510428 0.007401315789473684 0.008781558726673985
0 0.37541118421052627 0.24313940724478597 0.009046052631578948 0.007683863885839737
0 0.28042763157894735 0.24313940724478597 0.009868421052631578 0.007683863885839737