2 0.22891072891072892 0.36896929824561403 0.041769041769041775 0.09320175438596491
2 0.5339885339885341 0.26096491228070173 0.024570024570024572 0.08333333333333333
2 0.9860769860769861 0.3371710526315789 0.027846027846027847 0.1282894736842105
2 0.8423423423423424 0.33223684210526316 0.020475020475020478 0.08114035087719298
2 0.2788697788697789 0.36293859649122806 0.030303030303030304 0.11184210526315788
0 0.843980343980344 0.24890350877192982 0.03521703521703522 0.05263157894736842
0 0.214987714987715 0.33059210526315785 0.010647010647010648 0.01425438596491228
0 0.27272727272727276 0.3157894736842105 0.013104013104013105 0.015350877192982455
0 0.5372645372645373 0.22587719298245612 0.013104013104013105 0.013157894736842105
0 0.8427518427518428 0.29714912280701755 0.011466011466011467 0.010964912280701754
0 0.9909909909909911 0.27905701754385964 0.014742014742014743 0.01206140350877193
2 0.6134316134316135 0.3421052631578947 0.021294021294021297 0.07017543859649122
2 0.5667485667485668 0.34046052631578944 0.024570024570024572 0.0756578947368421
2 0.6838656838656839 0.2044956140350877 0.03767403767403767 0.0581140350877193
2 0.8583128583128584 0.31414473684210525 0.011466011466011467 0.04057017543859649
0 0.8587223587223588 0.29714912280701755 0.009009009009009009 0.008771929824561403
2 0.41564291564291567 0.3388157894736842 0.015561015561015561 0.05701754385964912
0 0.5585585585585586 0.3075657894736842 0.00819000819000819 0.009868421052631578
0 0.6875511875511876 0.17927631578947367 0.009009009009009009 0.007675438596491228