2 0.5518092105263157 0.25740944017563117 0.03782894736842105 0.07574094401756312
2 0.5061677631578947 0.16465422612513722 0.01726973684210526 0.06147091108671789
2 0.490953947368421 0.1690450054884742 0.014802631578947368 0.06586169045005488
2 0.36348684210526316 0.2371020856201976 0.03618421052631579 0.1141602634467618
2 0.326891447368421 0.19978046103183317 0.01726973684210526 0.10098792535675083
2 0.3379934210526316 0.19538968166849616 0.014802631578947368 0.09659714599341383
2 0.23273026315789472 0.2047200878155873 0.02796052631578947 0.09549945115257959
2 0.2512335526315789 0.17233809001097694 0.015625 0.06147091108671789
2 0.1953125 0.15861690450054886 0.01726973684210526 0.05159165751920966
2 0.059621710526315784 0.16739846322722285 0.01726973684210526 0.06037321624588365
2 0.10896381578947367 0.16465422612513722 0.01726973684210526 0.06147091108671789
2 0.1225328947368421 0.16026344676180024 0.013157894736842105 0.0592755214050494
0 0.05756578947368421 0.1410537870472009 0.006578947368421052 0.007683863885839737
0 0.1069078947368421 0.13776070252469813 0.006578947368421052 0.007683863885839737
0 0.1225328947368421 0.13336992316136115 0.006578947368421052 0.005488474204171241
0 0.23026315789473684 0.16245883644346873 0.011513157894736841 0.010976948408342482
0 0.24835526315789472 0.14654226125137212 0.009868421052631578 0.007683863885839737
2 0.22450657894736842 0.15642151481888036 0.013157894736842105 0.05159165751920966
0 0.22327302631578946 0.13336992316136115 0.007401315789473684 0.005488474204171241
0 0.32483552631578944 0.15367727771679474 0.011513157894736841 0.008781558726673985
0 0.3355263157894737 0.15148188803512624 0.009868421052631578 0.008781558726673985
0 0.3667763157894737 0.18770581778265644 0.014802631578947368 0.015367727771679473
2 0.6097861842105263 0.17508232711306257 0.012335526315789474 0.02305159165751921
0 0.5530427631578947 0.22722283205268937 0.018914473684210526 0.015367727771679473
0 0.4905427631578947 0.14050493962678376 0.007401315789473684 0.008781558726673985
0 0.505345394736842 0.13721185510428102 0.007401315789473684 0.006586169045005488
0 0.6106085526315789 0.16739846322722285 0.005756578947368421 0.007683863885839737