2 0.051809210526315784 0.5949506037321625 0.07894736842105263 0.33150384193194293
2 0.2676809210526316 0.5433589462129528 0.09457236842105263 0.27442371020856204
2 0.7750822368421052 0.4560922063666301 0.061677631578947366 0.2140504939626784
2 0.8754111842105262 0.4473106476399561 0.060032894736842105 0.10428100987925357
0 0.23643092105263155 0.4275521405049396 0.030427631578947366 0.042810098792535674
0 0.061677631578947366 0.446761800219539 0.039473684210526314 0.03512623490669594
0 0.11307565789473684 0.46652030735455546 0.020559210526315787 0.03951701427003293
0 0.8741776315789473 0.40504939626783754 0.021381578947368418 0.019758507135016465
0 0.7935855263157894 0.36114160263446765 0.024671052631578948 0.024149286498353458
0 0.5719572368421052 0.38199780461031835 0.013980263157894735 0.021953896816684963
2 0.09210526315789473 0.5455543358946213 0.0625 0.19758507135016465
0 0.3692434210526316 0.3572996706915478 0.013157894736842105 0.009879253567508232
0 0.8499177631578947 0.2683863885839737 0.010690789473684209 0.009879253567508232
2 0.8482730263157894 0.3079034028540066 0.02549342105263158 0.0889132821075741
2 0.5575657894736842 0.41383095499451156 0.05921052631578947 0.08562019758507135
2 0.3647203947368421 0.37925356750823275 0.030427631578947366 0.05378704720087816
2 0.389391447368421 0.3057080131723381 0.01726973684210526 0.06037321624588365
0 0.38445723684210525 0.3150384193194292 0.007401315789473684 0.010976948408342482