2 0.2767269736842105 0.4583333333333333 0.11595394736842105 0.16666666666666666
2 0.6118421052631579 0.5230263157894737 0.15460526315789472 0.20833333333333331
2 0.8240131578947368 0.45559210526315785 0.10855263157894736 0.18530701754385964
2 0.2816611842105263 0.29550438596491224 0.060032894736842105 0.10635964912280702
2 0.6262335526315789 0.26425438596491224 0.04194078947368421 0.10964912280701754
2 0.5629111842105263 0.3996710526315789 0.078125 0.1282894736842105
0 0.3022203947368421 0.4013157894736842 0.0649671052631579 0.05263157894736842
0 0.29358552631578944 0.2593201754385965 0.03618421052631579 0.03399122807017543
0 0.5616776315789473 0.3530701754385965 0.04769736842105263 0.03508771929824561
0 0.6295230263157895 0.2220394736842105 0.02713815789473684 0.025219298245614034
0 0.6467927631578947 0.46875 0.08470394736842105 0.09978070175438596
0 0.8141447368421052 0.3881578947368421 0.07072368421052631 0.05043859649122807