2 0.18990120746432493 0.856907894736842 0.03732162458836444 0.08388157894736842
2 0.7837541163556532 0.8935032894736842 0.043907793633369926 0.11266447368421052
2 0.8710208562019759 0.9083059210526315 0.04720087815587267 0.11759868421052631
0 0.862788144895719 0.8573190789473684 0.024149286498353458 0.013980263157894735
0 0.7848518111964874 0.8441611842105262 0.026344676180021953 0.013980263157894735
0 0.19209659714599342 0.8211348684210525 0.021953896816684963 0.010690789473684209
2 0.3057080131723381 0.49383223684210525 0.027442371020856202 0.02549342105263158
2 0.3309549945115258 0.4934210526315789 0.014270032930845226 0.024671052631578948
0 0.3040614709110867 0.484375 0.010976948408342482 0.006578947368421052
0 0.33150384193194293 0.4839638157894737 0.008781558726673985 0.005756578947368421
2 0.5329308452250274 0.46340460526315785 0.038419319429198684 0.04523026315789473
0 0.5318331503841932 0.4453125 0.012074643249176729 0.007401315789473684