2 0.20065520065520068 0.6277412280701754 0.1801801801801802 0.7445175438596491
2 0.10073710073710074 0.5548245614035088 0.09172809172809174 0.5723684210526315
2 0.3923013923013923 0.48410087719298245 0.07698607698607698 0.42434210526315785
2 0.35176085176085176 0.46655701754385964 0.07125307125307126 0.356359649122807
2 0.4701064701064701 0.4676535087719298 0.09500409500409501 0.3081140350877193
2 0.5503685503685504 0.506578947368421 0.07698607698607698 0.2850877192982456
2 0.6310401310401311 0.5197368421052632 0.06306306306306307 0.3333333333333333
2 0.7334152334152335 0.6491228070175439 0.15151515151515152 0.6008771929824561
2 0.8714168714168715 0.5915570175438596 0.1506961506961507 0.5559210526315789
2 0.825962325962326 0.5619517543859649 0.08763308763308764 0.4747807017543859
0 0.1891891891891892 0.3366228070175438 0.09991809991809993 0.09649122807017543
0 0.11343161343161344 0.33223684210526316 0.06306306306306307 0.09429824561403508
0 0.4078624078624079 0.30043859649122806 0.05405405405405406 0.05043859649122807
2 0.6683046683046684 0.46984649122807015 0.05077805077805078 0.23135964912280702
2 0.5368550368550369 0.3958333333333333 0.04995904995904996 0.17105263157894735