2 0.7471217105263157 0.5328947368421052 0.04358552631578947 0.16666666666666666
2 0.5555098684210527 0.5153508771929824 0.02713815789473684 0.06798245614035087
2 0.28577302631578944 0.4786184210526315 0.020559210526315787 0.0800438596491228
2 0.41118421052631576 0.5339912280701754 0.044407894736842105 0.1600877192982456
2 0.3647203947368421 0.5455043859649122 0.03536184210526316 0.17434210526315788
2 0.34087171052631576 0.5043859649122807 0.030427631578947366 0.08991228070175439
2 0.43133223684210525 0.4846491228070175 0.018914473684210526 0.03508771929824561
0 0.4296875 0.4720394736842105 0.009046052631578948 0.009868421052631578
0 0.4046052631578947 0.4621710526315789 0.03125 0.01644736842105263
0 0.3667763157894737 0.4676535087719298 0.03125 0.01864035087719298
0 0.33840460526315785 0.4671052631578947 0.02549342105263158 0.015350877192982455
0 0.2845394736842105 0.44572368421052627 0.013157894736842105 0.01425438596491228
2 0.6204769736842105 0.5416666666666666 0.02549342105263158 0.02412280701754386
0 0.6192434210526315 0.5367324561403508 0.023026315789473683 0.01425438596491228
0 0.7545230263157894 0.4605263157894737 0.028782894736842105 0.021929824561403508