2 0.4430794430794431 0.39035087719298245 0.03931203931203932 0.1644736842105263
2 0.4590499590499591 0.5904605263157895 0.13513513513513514 0.20285087719298245
2 0.5958230958230959 0.48355263157894735 0.09746109746109746 0.2850877192982456
2 0.6871416871416872 0.4572368421052631 0.07207207207207207 0.2543859649122807
2 0.7755937755937756 0.48300438596491224 0.0900900900900901 0.2357456140350877
0 0.046273546273546275 0.2357456140350877 0.04340704340704341 0.05921052631578947
2 0.02006552006552007 0.3607456140350877 0.04013104013104014 0.10964912280701754
2 0.5126945126945127 0.4533991228070175 0.03767403767403767 0.06907894736842105
0 0.010647010647010648 0.3114035087719298 0.013104013104013105 0.010964912280701754
0 0.44553644553644556 0.3157894736842105 0.01638001638001638 0.015350877192982455
0 0.5171990171990173 0.4265350877192982 0.0171990171990172 0.015350877192982455
0 0.5053235053235053 0.513157894736842 0.04258804258804259 0.046052631578947366
0 0.6294021294021295 0.3640350877192982 0.03194103194103194 0.046052631578947366
0 0.7088452088452089 0.34978070175438597 0.02702702702702703 0.039473684210526314
0 0.753890253890254 0.37938596491228066 0.02538902538902539 0.02631578947368421