2 0.013706140350877192 0.7907072368421052 0.027412280701754384 0.28536184210526316
2 0.0581140350877193 0.7911184210526315 0.09210526315789473 0.2598684210526316
2 0.6156798245614035 0.7286184210526315 0.03618421052631579 0.05756578947368421
2 0.018092105263157895 0.6266447368421052 0.03618421052631579 0.03782894736842105
0 0.011513157894736841 0.6114309210526315 0.01864035087719298 0.007401315789473684
0 0.0581140350877193 0.6743421052631579 0.04824561403508772 0.02631578947368421
0 0.012609649122807017 0.6620065789473684 0.025219298245614034 0.02796052631578947
1 0.018092105263157895 0.6299342105263157 0.03618421052631579 0.024671052631578948
1 0.6156798245614035 0.7142269736842105 0.03618421052631579 0.018914473684210526
0 0.6118421052631579 0.7023026315789473 0.013157894736842105 0.004934210526315789
0 0.6167763157894737 0.6957236842105263 0.01206140350877193 0.009868421052631578