2 0.43421052631578944 0.3572996706915478 0.044407894736842105 0.0845225027442371
2 0.6126644736842105 0.3062568605927552 0.02796052631578947 0.06147091108671789
2 0.6842105263157894 0.3018660812294182 0.02631578947368421 0.03732162458836444
2 0.75 0.283205268935236 0.023026315789473683 0.06147091108671789
2 0.7347861842105263 0.4670691547749726 0.078125 0.17672886937431395
2 0.8104440789473684 0.3238199780461032 0.03700657894736842 0.09659714599341383
2 0.9432565789473684 0.33040614709110866 0.03782894736842105 0.09659714599341383
0 0.4296875 0.3238199780461032 0.013980263157894735 0.01756311745334797
2 0.7421875 0.358397365532382 0.04851973684210526 0.06256860592755215
0 0.7619243421052632 0.3968166849615807 0.023848684210526314 0.036223929747530186
0 0.7306743421052632 0.3424807903402854 0.022203947368421052 0.02854006586169045
0 0.6221217105263157 0.2810098792535675 0.009046052631578948 0.010976948408342482
0 0.6751644736842105 0.29198682766191 0.008223684210526315 0.015367727771679473
0 0.7483552631578947 0.25686059275521406 0.009868421052631578 0.008781558726673985
2 0.8556743421052632 0.29473106476399563 0.028782894736842105 0.04939626783754116
0 0.8236019736842105 0.2826564215148189 0.010690789473684209 0.014270032930845226
0 0.8573190789473684 0.27497255762897915 0.009046052631578948 0.009879253567508232
0 0.9305098684210525 0.29253567508232714 0.012335526315789474 0.020856201975850714