2 0.7976973684210525 0.24094401756311745 0.03289473684210526 0.13501646542261253
2 0.740953947368421 0.212403951701427 0.021381578947368418 0.0845225027442371
2 0.7158717105263157 0.21295279912184414 0.01726973684210526 0.054884742041712405
2 0.8712993421052632 0.21350164654226125 0.028782894736842105 0.0933040614709111
2 0.8996710526315789 0.22008781558726676 0.018092105263157895 0.034028540065861694
2 0.9777960526315789 0.19758507135016465 0.018092105263157895 0.04610318331503842
2 0.8449835526315789 0.19538968166849616 0.01726973684210526 0.0570801317233809
0 0.8013980263157894 0.18331503841931943 0.01726973684210526 0.019758507135016465
0 0.740953947368421 0.17618002195389681 0.011513157894736841 0.012074643249176729
0 0.7154605263157894 0.18990120746432493 0.006578947368421052 0.008781558726673985
0 0.8741776315789473 0.17288693743139408 0.011513157894736841 0.012074643249176729
0 0.8996710526315789 0.20856201975850713 0.008223684210526315 0.010976948408342482
0 0.8449835526315789 0.1712403951701427 0.009046052631578948 0.008781558726673985
0 0.981907894736842 0.17892425905598244 0.009868421052631578 0.008781558726673985
0 0.9888980263157894 0.20636663007683864 0.007401315789473684 0.006586169045005488
2 0.9810855263157894 0.21734357848518113 0.02796052631578947 0.02854006586169045