2 0.6936677631578947 0.2508232711306257 0.05016447368421052 0.17453347969264546
2 0.4745065789473684 0.10153677277716795 0.046052631578947366 0.15477497255762898
2 0.5727796052631579 0.8029637760702525 0.12088815789473684 0.16575192096597147
2 0.22779605263157893 0.2008781558726674 0.06743421052631579 0.18880351262349068
2 0.16365131578947367 0.08726673984632273 0.04769736842105263 0.16136114160263448
2 0.1040296052631579 0.08177826564215149 0.07976973684210525 0.16355653128430298
0 0.5259046052631579 0.7398463227222832 0.02713815789473684 0.03951701427003293
0 0.7064144736842105 0.1756311745334797 0.024671052631578948 0.024149286498353458
0 0.4794407894736842 0.036772777167947315 0.019736842105263157 0.02305159165751921
0 0.2269736842105263 0.12019758507135017 0.023026315789473683 0.027442371020856202
0 0.16077302631578946 0.01866081229418222 0.022203947368421052 0.021953896816684963
0 0.11636513157894736 0.014270032930845226 0.020559210526315787 0.019758507135016465