2 0.18331503841931943 0.6085526315789473 0.13830954994511527 0.11842105263157894
2 0.5790340285400659 0.2685032894736842 0.027442371020856202 0.02549342105263158
2 0.6322722283205269 0.27261513157894735 0.024149286498353458 0.01726973684210526
2 0.6630076838638859 0.3137335526315789 0.03293084522502744 0.04029605263157895
2 0.7178924259055983 0.3421052631578947 0.03293084522502744 0.018092105263157895
2 0.8358946212952799 0.3963815789473684 0.027442371020856202 0.03782894736842105
2 0.31064763995609224 0.6426809210526315 0.08122941822173436 0.11924342105263157
0 0.22447859495060374 0.5637335526315789 0.025246981339187707 0.02713815789473684
0 0.3216245883644347 0.59375 0.03512623490669594 0.019736842105263157
2 0.08287596048298573 0.11348684210526315 0.06256860592755215 0.042763157894736836
2 0.07244785949506037 0.04235197368421052 0.03732162458836444 0.04851973684210526
0 0.08342480790340286 0.023026315789473683 0.015367727771679473 0.011513157894736841
0 0.09549945115257959 0.09950657894736842 0.015367727771679473 0.011513157894736841
0 0.8430296377607025 0.381578947368421 0.010976948408342482 0.006578947368421052
0 0.729967069154775 0.3388157894736842 0.006586169045005488 0.006578947368421052
0 0.6717892425905598 0.2964638157894737 0.010976948408342482 0.005756578947368421
0 0.6394072447859496 0.26809210526315785 0.007683863885839737 0.006578947368421052
0 0.588364434687157 0.25945723684210525 0.008781558726673985 0.005756578947368421
2 0.2941822173435785 0.12212171052631578 0.015367727771679473 0.020559210526315787
2 0.3062568605927552 0.11883223684210525 0.013172338090010977 0.028782894736842105
0 0.2969264544456641 0.11636513157894736 0.009879253567508232 0.009046052631578948
0 0.3062568605927552 0.10773026315789473 0.010976948408342482 0.006578947368421052
2 0.9851811196487377 0.7557565789473684 0.0296377607025247 0.03453947368421052
2 0.9637760702524698 0.7088815789473684 0.07244785949506037 0.06578947368421052