2 0.5148188803512623 0.888157894736842 0.1141602634467618 0.11348684210526315
2 0.5675082327113062 0.23930921052631576 0.06366630076838639 0.07894736842105263
2 0.5998902305159166 0.17310855263157893 0.04061470911086718 0.08799342105263157
0 0.4791437980241493 0.8470394736842105 0.04061470911086718 0.03125
0 0.5587266739846323 0.20723684210526314 0.01756311745334797 0.014802631578947368
0 0.5878155872667399 0.13445723684210525 0.014270032930845226 0.010690789473684209
0 0.575192096597146 0.05139802631578947 0.013172338090010977 0.010690789473684209
2 0.5828759604829857 0.07935855263157894 0.03512623490669594 0.06661184210526315
2 0.3693743139407245 0.04070723684210526 0.0296377607025247 0.04851973684210526
2 0.39956092206366634 0.07689144736842105 0.030735455543358946 0.056743421052631575
2 0.4055982436882547 0.051809210526315784 0.02305159165751921 0.021381578947368418
0 0.3605927552140505 0.019736842105263157 0.009879253567508232 0.006578947368421052
0 0.4121844127332602 0.044407894736842105 0.009879253567508232 0.006578947368421052
0 0.39352360043907797 0.052220394736842105 0.009879253567508232 0.005756578947368421
2 0.12239297475301866 0.01274671052631579 0.01866081229418222 0.02549342105263158
2 0.018111964873765093 0.10320723684210525 0.031833150384193196 0.05016447368421052
2 0.01481888035126235 0.15213815789473684 0.0296377607025247 0.05098684210526316
2 0.019758507135016465 0.13651315789473684 0.03951701427003293 0.05592105263157894
2 0.06750823271130627 0.028371710526315787 0.027442371020856202 0.030427631578947366
2 0.052689352360043906 0.013157894736842105 0.010976948408342482 0.01644736842105263
0 0.009879253567508232 0.08100328947368421 0.010976948408342482 0.005756578947368421
0 0.003293084522502744 0.11430921052631578 0.006586169045005488 0.009868421052631578
0 0.0570801317233809 0.015625 0.006586169045005488 0.004934210526315789
0 0.05104281009879254 0.006578947368421052 0.005488474204171241 0.003289473684210526