2 0.4281009879253568 0.26726973684210525 0.02854006586169045 0.06414473684210525
2 0.8446761800219539 0.22574013157894735 0.027442371020856202 0.05345394736842105
2 0.9099890230515917 0.20476973684210525 0.02854006586169045 0.041118421052631575
2 0.9385290889132821 0.2142269736842105 0.024149286498353458 0.04358552631578947
2 0.43249176728869376 0.2220394736842105 0.03293084522502744 0.046052631578947366
0 0.8523600439077936 0.20189144736842105 0.009879253567508232 0.005756578947368421
0 0.43194291986827665 0.20230263157894735 0.012074643249176729 0.006578947368421052
0 0.9132821075740944 0.18708881578947367 0.008781558726673985 0.005756578947368421
0 0.9456641053787047 0.19613486842105263 0.009879253567508232 0.005756578947368421
0 0.429198682766191 0.2397203947368421 0.010976948408342482 0.007401315789473684
2 0.5823271130625687 0.09539473684210525 0.014270032930845226 0.03618421052631579
0 0.5806805708013173 0.07976973684210525 0.006586169045005488 0.004934210526315789