2 0.6613611416026345 0.5604440789473684 0.15916575192096596 0.15871710526315788
2 0.6048298572996708 0.4354440789473684 0.03951701427003293 0.08963815789473684
2 0.5400658616904501 0.4383223684210526 0.030735455543358946 0.08717105263157894
2 0.508781558726674 0.43791118421052627 0.031833150384193196 0.08141447368421052
2 0.46652030735455546 0.4432565789473684 0.052689352360043906 0.07072368421052631
2 0.40504939626783754 0.4370888157894737 0.04171240395170143 0.09457236842105263
2 0.354006586169045 0.4296875 0.034028540065861694 0.07976973684210525
2 0.3809001097694841 0.428453947368421 0.019758507135016465 0.05756578947368421
0 0.3534577387486279 0.3980263157894737 0.030735455543358946 0.01644736842105263
0 0.3852908891328211 0.40337171052631576 0.010976948408342482 0.007401315789473684
0 0.39736553238199784 0.39432565789473684 0.019758507135016465 0.009046052631578948
0 0.45499451152579584 0.412828947368421 0.01866081229418222 0.008223684210526315
0 0.5148188803512623 0.40337171052631576 0.01756311745334797 0.012335526315789474
0 0.539517014270033 0.3992598684210526 0.01646542261251372 0.009046052631578948
0 0.5976948408342481 0.3967927631578947 0.025246981339187707 0.012335526315789474