2 0.4354440789473684 0.3326015367727772 0.015625 0.07903402854006586
2 0.7109375 0.47145993413830956 0.02549342105263158 0.11964873765093305
2 0.7351973684210525 0.27716794731064764 0.023026315789473683 0.07574094401756312
2 0.5382401315789473 0.33040614709110866 0.020559210526315787 0.08562019758507135
2 0.9564144736842105 0.36553238199780463 0.03125 0.09001097694840834
2 0.17557565789473684 0.26344676180021953 0.015625 0.07903402854006586
0 0.17763157894736842 0.22941822173435786 0.011513157894736841 0.010976948408342482
0 0.4383223684210526 0.2991218441273326 0.009868421052631578 0.012074643249176729
0 0.5419407894736842 0.29473106476399563 0.011513157894736841 0.014270032930845226
0 0.7314967105263157 0.24423710208562022 0.010690789473684209 0.009879253567508232
0 0.7154605263157894 0.41877058177826565 0.014802631578947368 0.014270032930845226
0 0.959703947368421 0.32711306256860595 0.013157894736842105 0.013172338090010977