2 0.9251644736842105 0.44840834248079037 0.049342105263157895 0.15697036223929747
2 0.2919407894736842 0.2305159165751921 0.03453947368421052 0.09001097694840834
2 0.2598684210526316 0.7760702524698134 0.08223684210526315 0.24588364434687157
2 0.655016447368421 0.5279912184412734 0.06332236842105263 0.1800219538968167
2 0.5641447368421052 0.41712403951701427 0.05921052631578947 0.14489571899012074
2 0.6060855263157895 0.4237102085620198 0.029605263157894735 0.14928649835345775
0 0.2676809210526316 0.6684961580680571 0.028782894736842105 0.02854006586169045
0 0.28042763157894735 0.19264544456641056 0.011513157894736841 0.012074643249176729
0 0.6529605263157895 0.4495060373216246 0.019736842105263157 0.02305159165751921
0 0.6085526315789473 0.3600439077936334 0.018092105263157895 0.019758507135016465
0 0.5760690789473684 0.358397365532382 0.015625 0.020856201975850714
0 0.9354440789473684 0.38199780461031835 0.020559210526315787 0.021953896816684963
0 0.2158717105263158 0.9165751920965972 0.04358552631578947 0.043907793633369926
2 0.24136513157894735 0.946761800219539 0.09457236842105263 0.10647639956092207
0 0.5004111842105263 0.1663007683863886 0.009046052631578948 0.009879253567508232
0 0.428453947368421 0.09714599341383096 0.006578947368421052 0.007683863885839737
0 0.716282894736842 0.11196487376509331 0.006578947368421052 0.008781558726673985
2 0.5016447368421052 0.18386388583973656 0.021381578947368418 0.04500548847420417
2 0.708470394736842 0.12678375411635565 0.023848684210526314 0.038419319429198684
2 0.42886513157894735 0.10757409440175632 0.01726973684210526 0.02854006586169045
2 0.8486842105263157 0.19923161361141603 0.024671052631578948 0.06695938529088913
0 0.8470394736842105 0.16959385290889134 0.006578947368421052 0.007683863885839737