2 0.01644736842105263 0.7915296052631579 0.03289473684210526 0.28371710526315785
2 0.06085526315789473 0.7935855263157894 0.10416666666666666 0.2582236842105263
2 0.019188596491228067 0.6295230263157895 0.038377192982456135 0.04029605263157895
2 0.6036184210526315 0.6912006578947368 0.023026315789473683 0.033717105263157895
2 0.6112938596491228 0.7277960526315789 0.038377192982456135 0.05592105263157894
0 0.013706140350877192 0.6640625 0.027412280701754384 0.028782894736842105
0 0.06140350877192982 0.6763980263157895 0.046052631578947366 0.023848684210526314
0 0.012609649122807017 0.6134868421052632 0.01644736842105263 0.008223684210526315
0 0.5981359649122807 0.6796875 0.01206140350877193 0.010690789473684209
0 0.6074561403508771 0.7023026315789473 0.010964912280701754 0.004934210526315789
0 0.6074561403508771 0.6961348684210525 0.010964912280701754 0.007401315789473684
1 0.018092105263157895 0.631578947368421 0.03618421052631579 0.024671052631578948
1 0.6112938596491228 0.71875 0.038377192982456135 0.029605263157894735
1 0.6036184210526315 0.6895559210526315 0.023026315789473683 0.01726973684210526