2 0.1615953947368421 0.44127332601536773 0.033717105263157895 0.11196487376509331
2 0.3778782894736842 0.34961580680570803 0.046875 0.10208562019758508
2 0.5620888157894737 0.35236004390779363 0.030427631578947366 0.09220636663007684
2 0.37952302631578944 0.5532381997804611 0.051809210526315784 0.07244785949506037
2 0.5328947368421052 0.5762897914379803 0.049342105263157895 0.07244785949506037
2 0.7339638157894737 0.5784851811196488 0.04029605263157895 0.0570801317233809
2 0.8104440789473684 0.45060373216245886 0.033717105263157895 0.10867178924259056
2 0.9642269736842105 0.362788144895719 0.046875 0.12623490669593854
2 0.7549342105263157 0.19538968166849616 0.02796052631578947 0.10098792535675083
2 0.6813322368421052 0.18441273326015367 0.02549342105263158 0.11196487376509331
2 0.6488486842105263 0.18605927552140505 0.024671052631578948 0.10428100987925357
2 0.8963815789473684 0.29088913282107576 0.03125 0.11196487376509331
2 0.8848684210526315 0.2661909989023052 0.029605263157894735 0.11306256860592756
0 0.3881578947368421 0.5406147091108672 0.013157894736842105 0.01866081229418222
0 0.24095394736842105 0.5159165751920967 0.014802631578947368 0.01756311745334797
0 0.36759868421052627 0.305159165751921 0.013157894736842105 0.013172338090010977
0 0.5662006578947368 0.31394072447859495 0.012335526315789474 0.015367727771679473
0 0.7467105263157894 0.5587266739846323 0.014802631578947368 0.01756311745334797
0 0.8157894736842105 0.4061470911086718 0.014802631578947368 0.019758507135016465
0 0.9757401315789473 0.30680570801317236 0.018914473684210526 0.01646542261251372
0 0.894736842105263 0.24478594950603733 0.014802631578947368 0.019758507135016465
0 0.8898026315789473 0.21789242590559826 0.014802631578947368 0.01646542261251372
0 0.7582236842105263 0.15148188803512624 0.011513157894736841 0.013172338090010977
0 0.6829769736842105 0.13391877058177826 0.009046052631578948 0.008781558726673985
0 0.6513157894736842 0.13995609220636662 0.009868421052631578 0.012074643249176729
0 0.5172697368421052 0.5647639956092206 0.013157894736842105 0.01646542261251372
0 0.880345394736842 0.19868276619099892 0.010690789473684209 0.013172338090010977
2 0.8712993421052632 0.2464324917672887 0.03865131578947368 0.11745334796926454
2 0.24300986842105263 0.5598243688254665 0.04194078947368421 0.10318331503841932
0 0.6439144736842105 0.12952799121844127 0.011513157894736841 0.013172338090010977
2 0.6389802631578947 0.17453347969264546 0.021381578947368418 0.10318331503841932
2 0.7549342105263157 0.0592755214050494 0.014802631578947368 0.04171240395170143
0 0.7582236842105263 0.043907793633369926 0.008223684210526315 0.010976948408342482