2 0.4070723684210526 0.5938529088913282 0.05921052631578947 0.15148188803512624
2 0.2425986842105263 0.601536772777168 0.06085526315789473 0.17343578485181121
2 0.26726973684210525 0.5120746432491767 0.044407894736842105 0.141602634467618
2 0.21957236842105263 0.4440175631174534 0.05756578947368421 0.141602634467618
2 0.16981907894736842 0.3605927552140505 0.03207236842105263 0.10647639956092207
2 0.4720394736842105 0.4045005488474204 0.02796052631578947 0.11306256860592756
2 0.6439144736842105 0.41712403951701427 0.03618421052631579 0.11196487376509331
2 0.5518092105263157 0.3035126234906696 0.021381578947368418 0.06915477497255763
2 0.5254934210526315 0.305159165751921 0.021381578947368418 0.09220636663007684
0 0.4025493421052631 0.531284302963776 0.018914473684210526 0.026344676180021953
0 0.234375 0.5246981339187706 0.019736842105263157 0.019758507135016465
0 0.264391447368421 0.45225027442371024 0.01726973684210526 0.021953896816684963
0 0.22245065789473684 0.3809001097694841 0.015625 0.015367727771679473
0 0.16282894736842105 0.31284302963776073 0.011513157894736841 0.010976948408342482
0 0.6492598684210525 0.367178924259056 0.013980263157894735 0.012074643249176729
0 0.47245065789473684 0.3556531284302964 0.013980263157894735 0.015367727771679473
0 0.5497532894736842 0.27442371020856204 0.010690789473684209 0.010976948408342482
0 0.5275493421052632 0.2645444566410538 0.009046052631578948 0.010976948408342482
2 0.48807565789473684 0.18441273326015367 0.013980263157894735 0.054884742041712405
0 0.48601973684210525 0.16026344676180024 0.006578947368421052 0.006586169045005488
2 0.5176809210526315 0.18441273326015367 0.013980263157894735 0.054884742041712405
0 0.5185032894736842 0.16136114160263448 0.009046052631578948 0.008781558726673985
2 0.09498355263157894 0.14654226125137212 0.013980263157894735 0.05598243688254666
2 0.1846217105263158 0.1141602634467618 0.010690789473684209 0.03293084522502744
2 0.09457236842105263 0.07848518111964874 0.009868421052631578 0.034028540065861694
2 0.0884046052631579 0.08013172338090012 0.009046052631578948 0.02854006586169045
0 0.09210526315789473 0.12239297475301866 0.006578947368421052 0.007683863885839737
0 0.1825657894736842 0.10098792535675083 0.004934210526315789 0.006586169045005488
0 0.0859375 0.06860592755214051 0.004111842105263158 0.005488474204171241
0 0.09292763157894736 0.06421514818880351 0.004934210526315789 0.005488474204171241