2 0.15049342105263158 0.2650933040614709 0.05921052631578947 0.16355653128430298
2 0.06455592105263158 0.526344676180022 0.06990131578947369 0.12843029637760703
2 0.47039473684210525 0.2639956092206367 0.05921052631578947 0.07574094401756312
2 0.5608552631578947 0.3353457738748628 0.05098684210526316 0.150384193194292
2 0.2833059210526316 0.10098792535675083 0.04194078947368421 0.10757409440175632
2 0.8342927631578947 0.19099890230515917 0.046875 0.14270032930845225
2 0.3310032894736842 0.09989023051591658 0.030427631578947366 0.1141602634467618
2 0.8898026315789473 0.1619099890230516 0.044407894736842105 0.10208562019758508
0 0.060032894736842105 0.47365532381997805 0.024671052631578948 0.02305159165751921
0 0.13939144736842105 0.19813391877058179 0.020559210526315787 0.027442371020856202
0 0.4942434210526315 0.23819978046103185 0.011513157894736841 0.024149286498353458
0 0.575657894736842 0.27277716794731066 0.021381578947368418 0.025246981339187707
0 0.32277960526315785 0.05378704720087816 0.012335526315789474 0.021953896816684963
0 0.2845394736842105 0.05872667398463227 0.014802631578947368 0.02305159165751921
0 0.8474506578947368 0.12733260153677278 0.020559210526315787 0.015367727771679473
0 0.9021381578947368 0.12019758507135017 0.018092105263157895 0.01866081229418222
0 0.8149671052631579 0.12623490669593854 0.01644736842105263 0.01756311745334797