2 0.7265625 0.7203947368421052 0.15707236842105263 0.5592105263157895
2 0.615953947368421 0.6107456140350876 0.06085526315789473 0.2894736842105263
2 0.5653782894736842 0.5888157894736842 0.04029605263157895 0.23903508771929824
2 0.514391447368421 0.6047149122807017 0.04194078947368421 0.28179824561403505
2 0.4786184210526315 0.6112938596491228 0.049342105263157895 0.3059210526315789
2 0.4416118421052631 0.581140350877193 0.044407894736842105 0.23684210526315788
2 0.4025493421052631 0.5646929824561403 0.04851973684210526 0.22807017543859648
2 0.3466282894736842 0.5575657894736842 0.046875 0.21600877192982454
2 0.2808388157894737 0.6469298245614035 0.060032894736842105 0.29166666666666663
2 0.24136513157894735 0.575657894736842 0.07319078947368421 0.22807017543859648
0 0.24588815789473684 0.47313596491228066 0.02631578947368421 0.023026315789473683
0 0.2746710526315789 0.4544956140350877 0.021381578947368418 0.01864035087719298
0 0.3445723684210526 0.4583333333333333 0.023026315789473683 0.017543859649122806
0 0.4317434210526316 0.47368421052631576 0.024671052631578948 0.021929824561403508
0 0.5583881578947368 0.48026315789473684 0.024671052631578948 0.021929824561403508
2 0.27796052631578944 0.4851973684210526 0.041118421052631575 0.0800438596491228
0 0.4173519736842105 0.5197368421052632 0.015625 0.02631578947368421