2 0.16136114160263448 0.5028782894736842 0.03951701427003293 0.08634868421052631
2 0.4615806805708013 0.483141447368421 0.05817782656421515 0.07976973684210525
2 0.539517014270033 0.48026315789473684 0.05159165751920966 0.07072368421052631
2 0.4967069154774973 0.4749177631578947 0.038419319429198684 0.06661184210526315
2 0.5587266739846323 0.46011513157894735 0.02854006586169045 0.046875
0 0.17233809001097694 0.4662828947368421 0.01756311745334797 0.011513157894736841
0 0.4621295279912185 0.4481907894736842 0.021953896816684963 0.009868421052631578
0 0.5548847420417125 0.44243421052631576 0.020856201975850714 0.011513157894736841
0 0.5378704720087816 0.44901315789473684 0.019758507135016465 0.008223684210526315
2 0.4083424807903403 0.27508223684210525 0.03293084522502744 0.03536184210526316
0 0.4017563117453348 0.26233552631578944 0.01756311745334797 0.011513157894736841