2 0.576891447368421 0.32546652030735457 0.04194078947368421 0.08013172338090012
2 0.3059210526315789 0.2848518111964874 0.044407894736842105 0.1525795828759605
2 0.12870065789473684 0.6092206366630077 0.2557565789473684 0.4807903402854007
2 0.12376644736842105 0.300768386388584 0.0962171052631579 0.2349066959385291
2 0.44695723684210525 0.287596048298573 0.03865131578947368 0.14489571899012074
2 0.5 0.2661909989023052 0.041118421052631575 0.11964873765093305
0 0.14144736842105263 0.2217343578485181 0.0625 0.07683863885839737
0 0.21710526315789472 0.43249176728869376 0.0756578947368421 0.1251372118551043
0 0.5715460526315789 0.29253567508232714 0.018092105263157895 0.014270032930845226
0 0.5045230263157895 0.21350164654226125 0.013980263157894735 0.014270032930845226
2 0.6620065789473684 0.3567508232711306 0.05263157894736842 0.052689352360043906
0 0.685032894736842 0.3413830954994512 0.006578947368421052 0.021953896816684963