2 0.7413651315789473 0.5274122807017544 0.03865131578947368 0.1557017543859649
2 0.21833881578947367 0.6222587719298245 0.08963815789473684 0.41118421052631576
2 0.28577302631578944 0.6058114035087719 0.056743421052631575 0.3739035087719298
2 0.32976973684210525 0.6112938596491228 0.08388157894736842 0.4550438596491228
2 0.45764802631578944 0.6058114035087719 0.08634868421052631 0.3607456140350877
0 0.22368421052631576 0.43804824561403505 0.046052631578947366 0.042763157894736836
0 0.2833059210526316 0.4402412280701754 0.03865131578947368 0.042763157894736836
0 0.334703947368421 0.40350877192982454 0.046052631578947366 0.039473684210526314
0 0.45230263157894735 0.44298245614035087 0.03453947368421052 0.03508771929824561
0 0.7306743421052632 0.45942982456140347 0.01726973684210526 0.019736842105263157
2 0.984375 0.5559210526315789 0.03125 0.256578947368421