2 0.22612513721185512 0.39432565789473684 0.09440175631174534 0.1850328947368421
2 0.4774972557628979 0.39761513157894735 0.07464324917672888 0.16200657894736842
2 0.7546652030735456 0.34786184210526316 0.05378704720087816 0.044407894736842105
2 0.9165751920965972 0.515625 0.1251372118551043 0.06743421052631579
2 0.08013172338090012 0.41118421052631576 0.10537870472008781 0.17269736842105263
0 0.9571899012074644 0.49588815789473684 0.043907793633369926 0.02796052631578947
0 0.7590559824368825 0.33223684210526316 0.025246981339187707 0.013157894736842105
0 0.513172338090011 0.296875 0.034028540065861694 0.019736842105263157
0 0.4621295279912185 0.328125 0.04171240395170143 0.023026315789473683
0 0.22667398463227223 0.3120888157894737 0.034028540065861694 0.022203947368421052
0 0.04994511525795829 0.33840460526315785 0.038419319429198684 0.02713815789473684
0 0.29253567508232714 0.4058388157894737 0.036223929747530186 0.02713815789473684
2 0.5164654226125137 0.31866776315789475 0.06695938529088913 0.06332236842105263
0 0.2738748627881449 0.23149671052631576 0.012074643249176729 0.010690789473684209
0 0.005488474204171241 0.23807565789473684 0.010976948408342482 0.010690789473684209
2 0.2843029637760703 0.4329769736842105 0.08122941822173436 0.08141447368421052
2 0.2782656421514819 0.24835526315789472 0.025246981339187707 0.042763157894736836
2 0.0060373216245883645 0.25164473684210525 0.012074643249176729 0.03782894736842105