2 0.17023026315789472 0.6019736842105263 0.04769736842105263 0.12719298245614036
2 0.37952302631578944 0.5833333333333333 0.02713815789473684 0.041666666666666664
2 0.4214638157894737 0.5882675438596491 0.02713815789473684 0.04057017543859649
2 0.46011513157894735 0.6052631578947368 0.028782894736842105 0.05043859649122807
2 0.4798519736842105 0.5778508771929824 0.02713815789473684 0.03508771929824561
2 0.5020559210526315 0.5592105263157895 0.028782894736842105 0.02850877192982456
2 0.53125 0.5646929824561403 0.024671052631578948 0.03289473684210526
2 0.5481085526315789 0.5570175438596491 0.020559210526315787 0.03289473684210526
2 0.34416118421052627 0.5871710526315789 0.022203947368421052 0.03618421052631579
0 0.1595394736842105 0.5455043859649122 0.02631578947368421 0.01425438596491228
0 0.3416940789473684 0.5767543859649122 0.01726973684210526 0.015350877192982455
0 0.37541118421052627 0.5679824561403508 0.010690789473684209 0.010964912280701754
0 0.420641447368421 0.5767543859649122 0.022203947368421052 0.017543859649122806
0 0.46463815789473684 0.5888157894736842 0.019736842105263157 0.017543859649122806
0 0.47327302631578944 0.5685307017543859 0.010690789473684209 0.01644736842105263
0 0.5057565789473684 0.5504385964912281 0.013157894736842105 0.010964912280701754
0 0.5370065789473684 0.5542763157894737 0.013157894736842105 0.01206140350877193
0 0.544407894736842 0.5460526315789473 0.011513157894736841 0.010964912280701754