2 0.4317434210526316 0.47036223929747534 0.03289473684210526 0.09110867178924259
2 0.7347861842105263 0.46652030735455546 0.020559210526315787 0.03293084522502744
2 0.23643092105263155 0.5049396267837541 0.04523026315789473 0.17343578485181121
2 0.27055921052631576 0.4763995609220637 0.03289473684210526 0.10318331503841932
2 0.16981907894736842 0.5049396267837541 0.04523026315789473 0.1712403951701427
2 0.1147203947368421 0.4945115257958288 0.055098684210526314 0.18990120746432493
2 0.043996710526315784 0.48792535675082327 0.030427631578947366 0.15697036223929747
2 0.00863486842105263 0.47310647639956094 0.01726973684210526 0.09220636663007684
2 0.0805921052631579 0.46652030735455546 0.013157894736842105 0.08781558726673985
0 0.009868421052631578 0.43468715697036225 0.014802631578947368 0.015367727771679473
0 0.04564144736842105 0.4198682766190999 0.020559210526315787 0.01866081229418222
0 0.08100328947368421 0.4281009879253568 0.012335526315789474 0.010976948408342482
0 0.11389802631578946 0.4094401756311746 0.020559210526315787 0.019758507135016465
0 0.2294407894736842 0.4275521405049396 0.021381578947368418 0.01866081229418222
0 0.2754934210526316 0.42974753018660816 0.011513157894736841 0.009879253567508232
0 0.4354440789473684 0.429198682766191 0.010690789473684209 0.008781558726673985
0 0.731907894736842 0.45499451152579584 0.008223684210526315 0.009879253567508232