2 0.9324917672886938 0.1772203947368421 0.09989023051591658 0.19490131578947367
2 0.2941822173435785 0.15419407894736842 0.06805708013172339 0.16858552631578946
2 0.11031833150384193 0.18050986842105263 0.04061470911086718 0.05345394736842105
2 0.4588364434687157 0.20394736842105263 0.04610318331503842 0.049342105263157895
2 0.21953896816684962 0.18996710526315788 0.03951701427003293 0.042763157894736836
0 0.3029637760702525 0.07935855263157894 0.03512623490669594 0.018914473684210526
0 0.9484083424807904 0.08881578947368421 0.03512623490669594 0.018092105263157895
0 0.45554335894621295 0.1846217105263158 0.01756311745334797 0.010690789473684209
2 0.2645444566410538 0.1595394736842105 0.03951701427003293 0.12335526315789473
0 0.11306256860592756 0.15748355263157893 0.015367727771679473 0.007401315789473684
0 0.22941822173435786 0.17310855263157893 0.01756311745334797 0.009046052631578948