2 0.3238199780461032 0.6344572368421052 0.09879253567508232 0.09786184210526315
2 0.15587266739846323 0.7619243421052632 0.07464324917672888 0.1537828947368421
2 0.37705817782656426 0.787828947368421 0.11745334796926454 0.08717105263157894
2 0.3216245883644347 0.3824013157894737 0.0570801317233809 0.11184210526315788
0 0.16959385290889134 0.6998355263157894 0.04720087815587267 0.03125
0 0.3551042810098793 0.7582236842105263 0.04061470911086718 0.02796052631578947
0 0.3260153677277717 0.33429276315789475 0.021953896816684963 0.015625
0 0.37760702524698136 0.15995065789473684 0.013172338090010977 0.009046052631578948
0 0.2941822173435785 0.5962171052631579 0.02854006586169045 0.019736842105263157
2 0.36443468715697036 0.18421052631578946 0.04610318331503842 0.05592105263157894
0 0.3391877058177827 0.1439144736842105 0.010976948408342482 0.009868421052631578
0 0.25905598243688255 0.18996710526315788 0.008781558726673985 0.006578947368421052
2 0.2689352360043908 0.20929276315789472 0.030735455543358946 0.04523026315789473
2 0.32491767288693746 0.15748355263157893 0.03951701427003293 0.03865131578947368